J1 J2 J3 J5 J6
14.2887 45.2663 56.9503 -0.3309 44.7724
14.3671 45.4226 57.0771 -0.2596 45.0562
15.4443 47.7105 59.0372 0.9692 49.4371
14.9186 47.7922 57.3159 0.9079 48.4952
14.1657 46.2526 56.108 0.8499 44.9399
13.8914 45.756 55.6741 0.8233 43.6318
10.4509 40.4778 51.5617 0.1342 31.339
10.2926 40.2733 51.4318 0.2001 30.7888
5.9953 36.449 48.5023 0.03 17.5055
5.8519 36.3416 48.4505 0.0719 17.0741
4.7822 35.6076 48.0942 0.3658 13.7983
1.0098 33.8976 47.7062 0.8494 3.2446
0.9095 33.9442 47.6501 0.5967 3.124
-1.2053 33.386 48.0683 1.1303 -2.889
-1.3367 33.9215 47.6758 -0.2639 -3.1585
-6.4801 34.1259 50.364 0.4625 -17.4703
-6.6412 34.1903 50.471 0.4154 -17.9019
-11.3041 36.7669 55.1035 0.3423 -31.3976
-11.4188 36.8778 55.2338 0.2829 -31.7221
-14.2634 40.0895 59.1455 -0.7775 -39.9631
-14.3247 38.5882 60.4752 0.889 -40.4903
-13.6023 37.9392 59.0236 -0.1603 -38.1361
-13.622 37.9645 59.0559 -0.1385 -38.2016
-11.4298 35.8297 55.9016 -0.4743 -30.9373
-6.6988 33.1742 51.2462 -0.2344 -17.614
-11.4298 35.8297 55.9016 -0.4743 -30.9373
-11.3263 35.7365 55.7799 -0.4461 -30.6239
-6.5575 33.1073 51.1611 -0.156 -17.2715
-1.8126 32.4608 48.8726 0.2415 -4.7036
-1.6706 32.4606 48.8408 0.2758 -4.3472
3.4033 33.8074 48.6045 0.0755 9.532
3.4802 33.807 48.6472 0.2034 9.6657
8.3182 36.9278 50.8201 0.3068 23.7964
8.4321 37.0527 50.877 0.2136 24.1863
10.4002 39.1808 52.3856 -0.2466 30.7091
10.5228 39.334 52.4933 -0.2677 31.1098
14.2887 45.2663 56.9503 -0.3309 44.7724
14.4624 45.0867 56.7146 -0.4609 44.8856
15.5927 47.439 58.8069 0.9512 49.4127
15.0358 47.4484 57.0599 1.0158 48.2709
11.1698 40.7628 52.0042 0.8075 33.1424
7.7966 37.5455 48.9549 -0.4286 22.7254
4.6471 35.1609 47.6838 0.3943 13.2258
-0.7904 32.7945 47.8116 2.0303 -2.3153
-3.6773 33.1731 48.3617 0.7212 -9.8638
-7.6471 34.1737 50.8266 0.324 -20.4009
-10.5862 35.6726 53.8435 0.6683 -29.019
-14.3984 39.7635 58.8511 -0.7698 -39.9426
-14.4913 38.2852 60.2328 0.9355 -40.5793
-10.8739 34.912 54.7818 -0.2366 -29.3205
-7.6412 33.2104 51.4592 -0.5606 -19.9073
-4.4899 32.3674 49.3977 -0.4091 -11.3445
-0.2027 32.5772 47.9033 -0.7277 0.1432
4.8834 34.3124 48.4567 -0.5666 13.8924
7.8466 36.2864 49.9406 -0.4651 22.4891
11.3157 39.9136 52.8002 -0.3838 33.2905
14.4624 45.0867 56.7146 -0.4609 44.8856
14.601 44.8066 56.4001 -0.6141 44.8446
15.7304 47.1258 58.5148 0.8871 49.2794
15.1617 47.0934 56.7943 1.1315 48.0514
11.3551 40.5362 51.7462 0.7138 33.4006
7.6443 36.8352 48.5951 0.0865 21.9067
4.5296 34.7034 47.2633 0.4229 12.7212
-0.6213 32.609 47.2392 1.5249 -1.7134
-3.6338 32.7882 47.9205 0.6799 -9.6076
-7.9336 33.8633 50.6469 0.4052 -21.0517
-10.6259 35.2731 53.3931 0.5948 -28.7707
-14.5368 39.3412 58.6157 -0.4631 -39.9038
-14.587 37.9229 59.7619 0.6762 -40.3008
-11.0475 34.6037 54.4863 -0.2634 -29.5436
-7.8583 32.8738 51.196 -0.4952 -20.4024
-4.623 32.0219 49.0216 -0.4563 -11.631
-0.3609 32.1416 47.5349 -0.6131 -0.4011
4.7839 33.8445 48.0316 -0.4593 13.3382
7.8337 35.8675 49.5062 -0.4639 22.1294
11.3612 39.5045 52.3989 -0.3825 32.984
14.601 44.8066 56.4001 -0.6141 44.8446
14.7417 44.5285 56.0924 -0.7512 44.8151
15.8788 46.8316 58.2497 0.8508 49.2105
15.2879 46.7433 56.5252 1.2378 47.835
11.5335 40.3028 51.4812 0.6262 33.6281
7.5523 36.3166 48.1565 0.1846 21.3406
3.8995 33.9996 46.7185 0.455 10.7781
-0.4886 32.3904 46.7084 1.129 -1.2491
-3.5979 32.406 47.4827 0.6446 -9.3807
-8.1996 33.5518 50.4477 0.4684 -21.6231
-12.4259 36.375 55.0817 0.2473 -33.5024
-14.6782 38.9622 58.3415 -0.3061 -39.8799
-14.7223 37.5864 59.3963 0.5702 -40.2083
-11.2148 34.2897 54.1846 -0.2837 -29.741
-8.0591 32.5335 50.9193 -0.4353 -20.8357
-4.7451 31.6738 48.6418 -0.4977 -11.8758
-0.5007 31.7141 47.163 -0.51 -0.8767
4.7028 33.3936 47.6099 -0.3703 12.856
7.8315 35.4583 49.0792 -0.4629 21.8136
11.4138 39.1037 52.0069 -0.3745 32.7105
14.7417 44.5285 56.0924 -0.7512 44.8151
14.8815 44.2474 55.7863 -0.8718 44.7817
16.0754 46.6538 58.0547 0.7311 49.4228
15.3397 46.1915 56.2007 1.6445 47.1975
11.7055 40.0611 51.2119 0.5518 33.8271
7.4767 35.8159 47.7261 0.2698 20.8436
3.9932 33.6447 46.3565 0.4727 10.9354
0.1173 32.4606 45.9816 0.063 1.0028
-3.5685 32.0286 47.0461 0.6094 -9.1782
-8.4475 33.233 50.235 0.5319 -22.1239
-12.5193 35.9964 54.7019 0.2402 -33.3941
-14.8394 38.5516 58.162 0.0897 -39.9495
-14.8303 37.2454 58.9507 0.3366 -39.9893
-11.3758 33.9723 53.8747 -0.3041 -29.913
-8.2463 32.1906 50.6302 -0.3811 -21.2169
-4.8596 31.324 48.2598 -0.5332 -12.0927
-0.6267 31.2944 46.7871 -0.4184 -1.3007
4.637 32.9536 47.1933 -0.2875 12.4335
7.8384 35.0577 48.6585 -0.4619 21.5357
11.4743 38.7137 51.6233 -0.3667 32.4736
14.8815 44.2474 55.7863 -0.8718 44.7817
15.0228 43.967 55.4859 -0.9763 44.7569
16.1382 46.182 57.6313 0.7402 48.8577
15.5422 46.0546 55.9856 1.4482 47.4191
11.8729 39.8127 50.9401 0.4907 34.0055
7.4141 35.3306 47.3006 0.3423 20.4009
4.084 33.2914 45.992 0.4904 11.0814
-0.0171 32.0516 45.6062 0.1604 0.4583
-3.5465 31.6537 46.6126 0.5801 -9.0041
-8.681 32.913 50.0073 0.5832 -22.5685
-12.6155 35.6232 54.324 0.2331 -33.2988
-14.9216 38.1488 57.7305 0.0298 -39.6484
-14.9921 36.9189 58.6623 0.3666 -40.0219
-11.5324 33.6531 53.5589 -0.3244 -30.0672
-8.4226 31.8487 50.3289 -0.3388 -21.5563
-4.9663 30.9723 47.875 -0.5629 -12.2803
-0.7372 30.8844 46.405 -0.3439 -1.6675
4.5833 32.5253 46.7779 -0.2168 12.0583
7.8535 34.6648 48.2428 -0.4612 21.2912
11.5404 38.3342 51.2428 -0.3659 32.2622
15.0228 43.967 55.4859 -0.9763 44.7569
15.1647 43.6858 55.1895 -1.0648 44.7355
16.3128 45.9401 57.4197 0.7327 48.9428
15.6696 45.7145 55.7138 1.5523 47.215
12.0363 39.5623 50.6623 0.4293 34.1661
7.352 34.8402 46.8818 0.4389 19.962
2.0198 32.1077 45.2089 0.4375 5.463
-0.1437 31.6488 45.2299 0.2521 -0.0573
-3.5288 31.2829 46.1794 0.5508 -8.8468
-7.4451 32.1767 48.4027 0.0363 -18.4929
-10.8477 33.7369 51.6709 0.383 -28.0457
-15.0902 37.8271 57.4766 0.1267 -39.7541
-15.1277 36.5893 58.2955 0.269 -39.9327
-11.6851 33.3325 53.2374 -0.3447 -30.2056
-8.589 31.5035 50.019 -0.2963 -21.8575
-5.0701 30.6224 47.4879 -0.5926 -12.4567
-0.8385 30.4769 46.0215 -0.2694 -2.0
4.5403 32.1057 46.3645 -0.1521 11.7245
7.8742 34.2781 47.8303 -0.4605 21.0697
11.611 37.9595 50.8682 -0.3584 32.0716
15.1647 43.6858 55.1895 -1.0648 44.7355
15.3115 43.3932 54.9235 -1.0648 44.7396
16.468 45.6684 57.1615 0.6975 48.9152
15.823 45.4491 55.4624 1.5509 47.1662
12.1774 39.2854 50.3624 0.3881 34.2281
7.4054 34.4875 46.4931 0.4022 19.895
2.0046 31.7345 44.8052 0.4316 5.3421
-0.1605 31.2823 44.8295 0.2636 -0.1547
-3.5334 30.9269 45.7529 0.5102 -8.7715
-7.5542 31.8615 48.0138 -0.0725 -18.4946
-10.9323 33.3774 51.2753 0.3504 -27.9845
-15.2251 37.4878 57.144 0.1266 -39.7015
-15.2754 36.2724 57.9553 0.2017 -39.9042
-11.8132 32.9819 52.8941 -0.3316 -30.2441
-8.706 31.1363 49.6655 -0.2595 -21.9682
-5.1513 30.2476 47.1035 -0.5694 -12.5513
-0.865 30.096 45.621 -0.2465 -2.0575
4.5789 31.7327 45.9691 -0.1404 11.701
7.926 33.9014 47.4471 -0.4357 20.9719
11.7116 37.6108 50.5315 -0.3379 32.0129
15.3115 43.3932 54.9235 -1.0648 44.7396
15.4609 43.0908 54.6771 -1.0006 44.7563
16.6105 45.3801 56.8693 0.6351 48.8135
15.9908 45.2234 55.2245 1.5012 47.2028
12.3075 38.9998 50.0478 0.3465 34.2412
9.4408 35.7974 47.445 0.425 25.3983
5.5526 32.9749 45.1885 0.1778 14.845
2.0548 31.3987 44.398 0.3914 5.4168
-0.1155 30.9351 44.4161 0.2349 -0.0172
-3.546 30.5793 45.3283 0.4637 -8.7254
-7.9775 31.5653 47.9326 0.1156 -19.6218
-11.3187 33.2299 51.2369 0.353 -28.7635
-15.3408 37.1394 56.7667 0.0743 -39.5591
-15.4305 35.9646 57.6297 0.1494 -39.9127
-11.9275 32.6148 52.5377 -0.2984 -30.2265
-8.799 30.7607 49.2886 -0.2286 -21.9863
-5.224 29.8584 46.7229 -0.5108 -12.6153
-0.857 29.726 45.2137 -0.2408 -1.9885
4.6559 31.3821 45.5817 -0.1522 11.8234
7.993 33.5281 47.079 -0.3926 20.9338
11.8285 37.2769 50.2143 -0.3109 32.0257
15.4609 43.0908 54.6771 -1.0006 44.7563
15.6117 42.7924 54.4319 -0.9364 44.7817
16.7521 45.0907 56.5764 0.5817 48.7079
16.1579 44.9982 54.9842 1.4515 47.2359
12.438 38.7146 49.7346 0.312 34.257
9.5508 35.492 47.0979 0.3933 25.4345
5.6195 32.6438 44.8022 0.1541 14.8631
2.105 31.0657 43.9894 0.3511 5.4916
-0.069 30.5909 44.0018 0.2063 0.1261
-3.5601 30.2374 44.9013 0.4115 -8.685
-8.302 31.2816 47.7492 0.1711 -20.3648
-11.5905 33.0038 51.0657 0.348 -29.2305
-15.4571 36.7948 56.3892 0.0223 -39.4205
-15.5846 35.6577 57.3013 0.0971 -39.9173
-12.0421 32.2525 52.1785 -0.2718 -30.2109
-8.8906 30.3891 48.9074 -0.2039 -21.9991
-5.2951 29.4711 46.3399 -0.4522 -12.6738
-0.8507 29.3587 44.8052 -0.2351 -1.9256
4.7332 31.0342 45.1934 -0.164 11.9471
8.0604 33.1549 46.7111 -0.3434 20.8977
11.9454 36.9427 49.8974 -0.2771 32.0385
15.6117 42.7924 54.4319 -0.9364 44.7817
15.7616 42.494 54.1832 -0.8721 44.8025
16.9293 44.8121 56.4253 0.8091 48.8087
16.2956 44.7285 54.68 1.3721 47.1036
12.5678 38.4308 49.4191 0.2773 34.2697
9.6601 35.1885 46.7489 0.3617 25.4678
5.686 32.3151 44.4143 0.1304 14.8797
2.1536 30.7355 43.5797 0.3109 5.5606
-0.024 30.2522 43.5848 0.1719 0.2636
-3.5727 29.8958 44.4743 0.3651 -8.6389
-8.6254 31.0018 47.569 0.2272 -21.1066
-13.0656 33.8246 52.3213 0.0068 -32.6746
-15.6838 36.759 56.0328 -0.619 -39.8012
-15.7393 35.3538 56.9726 0.0448 -39.9252
-12.1573 31.8907 51.8202 -0.2386 -30.198
-8.9835 30.0181 48.5274 -0.173 -22.0172
-3.2247 28.845 45.0151 -0.2024 -7.7241
0.5568 29.3391 44.2126 -0.5274 1.8682
4.8102 30.6863 44.8052 -0.1699 12.0695
8.1292 32.787 46.3408 -0.3005 20.867
12.064 36.6119 49.5809 -0.2434 32.0592
15.7616 42.494 54.1832 -0.8721 44.8025
15.9112 42.197 53.9328 -0.8078 44.8232
17.0356 44.5237 55.983 0.4583 48.5019
16.4728 44.5236 54.4594 1.3324 47.1969
12.6993 38.1509 49.1046 0.2427 34.2905
9.7706 34.8881 46.3998 0.3301 25.5065
5.7528 31.9892 44.0254 0.1067 14.8977
2.2037 30.4083 43.169 0.2706 5.6353
0.0226 29.914 43.1684 0.1432 0.4068
-3.585 29.5598 44.0447 0.3129 -8.5918
-8.9471 30.7255 47.3916 0.2839 -21.8447
-13.1518 33.4733 51.9096 -0.0476 -32.5333
-15.6893 36.1143 55.6299 -0.0813 -39.1438
-15.9261 35.122 56.6707 -0.1048 -40.0837
-12.2713 31.5302 51.4589 -0.2055 -30.1805
-9.0764 29.6495 48.1457 -0.1422 -22.0355
-3.2641 28.4664 44.61 -0.1677 -7.7468
0.5113 28.933 43.8212 -0.4299 1.6963
4.8874 30.3435 44.4144 -0.1817 12.1932
8.1966 32.4209 45.9678 -0.2575 20.8309
12.1807 36.2814 49.2605 -0.2096 32.072
15.9112 42.197 53.9328 -0.8078 44.8232
16.0614 41.9026 53.6819 -0.7435 44.8474
17.1772 44.2419 55.6865 0.4056 48.4002
16.6693 44.3664 54.2614 1.2444 47.4009
12.8289 37.8736 48.7844 0.2011 34.3032
9.8791 34.5889 46.0477 0.2985 25.5371
5.8196 31.6684 43.6336 0.0771 14.9158
2.254 30.0841 42.7574 0.2303 5.7106
0.0676 29.5814 42.7495 0.1089 0.5443
-3.599 29.2248 43.6161 0.2665 -8.5513
-9.3485 30.4657 47.3089 0.423 -22.9055
-13.2378 33.1275 51.4951 -0.1086 -32.3918
-15.805 35.7781 55.2479 -0.1327 -39.0049
-16.0492 34.7198 56.3454 0.0673 -39.9457
-12.3857 31.1744 51.0947 -0.1789 -30.1649
-9.1685 29.2828 47.7617 -0.1113 -22.0504
-3.3038 28.0929 44.2018 -0.1388 -7.7703
0.4642 28.5293 43.4281 -0.3324 1.5186
4.9658 30.0036 44.0229 -0.1935 12.3212
8.264 32.057 45.5929 -0.2145 20.7947
12.2981 35.9559 48.9376 -0.1826 32.088
16.0614 41.9026 53.6819 -0.7435 44.8474
16.211 41.6091 53.4281 -0.6791 44.8682
17.3231 43.9608 55.408 0.3964 48.3232
16.8105 44.0954 53.9765 1.225 47.2916
12.959 37.5965 48.466 0.1665 34.3194
9.9893 34.2954 45.6943 0.2604 25.5758
5.852 31.3293 43.2291 0.0593 14.8395
2.3024 29.7624 42.3445 0.19 5.7795
0.1123 29.2491 42.3313 0.0802 0.6819
-3.612 28.895 43.1848 0.2144 -8.5053
-9.5075 30.1617 46.9682 0.3674 -23.0725
-13.3635 32.8132 51.1345 -0.1493 -32.3789
-15.9347 35.4588 54.8911 -0.1694 -38.9317
-16.1633 34.4318 55.8803 -0.2311 -39.762
-12.4993 30.8181 50.7296 -0.1458 -30.147
-9.2604 28.9186 47.3761 -0.0804 -22.0662
-3.3414 27.7195 43.7931 -0.1041 -7.7874
0.419 28.1285 43.0334 -0.235 1.3466
5.0432 29.6652 43.6327 -0.1995 12.4449
8.3324 31.6938 45.2187 -0.1654 20.7619
10.3094 33.3352 46.6247 -0.0509 25.8758
12.4149 35.6297 48.6141 -0.1488 32.1008
16.211 41.6091 53.4281 -0.6791 44.8682
16.3569 41.3272 53.1515 -0.671 44.8682
17.4838 43.679 55.1927 0.5257 48.3312
16.9271 43.8032 53.621 1.1184 47.0453
13.0966 37.3165 48.1664 0.1666 34.3733
10.0866 33.9765 45.3421 0.2731 25.5628
8.0317 32.3012 43.883 0.1708 20.102
5.8354 30.9686 42.8037 0.0237 14.6963
2.344 29.4244 41.9405 0.1901 5.8257
0.1244 28.906 41.9193 0.0802 0.699
-3.6226 28.5421 42.7673 0.2201 -8.4477
-9.5613 29.8046 46.5471 0.3547 -22.9672
-13.5161 32.5362 50.7948 -0.2306 -32.3454
-16.1023 35.1792 54.6022 -0.1696 -39.0335
-16.153 34.0545 55.1343 -0.7961 -38.9902
-12.6206 30.4799 50.3655 -0.1392 -30.1649
-9.3417 28.5664 46.9707 -0.0865 -22.0429
-3.3691 27.3656 43.3694 -0.1099 -7.7703
0.4298 27.7785 42.6128 -0.2407 1.381
5.0811 29.3177 43.2291 -0.1936 12.4156
8.4127 31.3616 44.8371 -0.1716 20.7746
10.4117 33.0119 46.2665 -0.0509 25.8988
12.5258 35.3105 48.2737 -0.142 32.0848
16.3569 41.3272 53.1515 -0.671 44.8682
16.5036 41.0464 52.8769 -0.6549 44.8728
17.6455 43.401 54.9784 0.6552 48.3465
17.0427 43.513 53.2627 1.0127 46.7949
14.8556 39.4289 49.8931 0.4292 39.257
13.2332 37.0398 47.8622 0.1598 34.4227
10.1852 33.6656 44.9862 0.2731 25.5553
8.1251 31.989 43.5163 0.1648 20.1509
5.7754 30.558 42.3796 0.0828 14.3823
2.3887 29.0946 41.5327 0.1786 5.8833
0.1441 28.5683 41.5047 0.0745 0.7449
-3.6329 28.1997 42.3439 0.2085 -8.3893
-9.6209 29.4585 46.1267 0.3296 -22.8854
-13.8423 32.3411 50.7396 -0.0752 -33.0672
-16.2688 34.9004 54.3108 -0.1699 -39.1313
-16.1399 33.6908 54.3953 -1.3419 -38.2135
-12.7394 30.1397 49.9987 -0.1259 -30.1725
-9.4255 28.2135 46.5692 -0.0804 -22.03
-3.3984 27.0098 42.948 -0.1041 -7.7589
0.4299 27.426 42.1933 -0.235 1.3752
5.1296 28.9754 42.8289 -0.1877 12.4269
8.4917 31.0238 44.4581 -0.1593 20.7821
10.5133 32.6906 45.9063 -0.051 25.9193
12.6373 34.9919 47.9347 -0.1285 32.072
16.5036 41.0464 52.8769 -0.6549 44.8728
16.65 40.7671 52.6005 -0.6388 44.8769
17.8057 43.1198 54.7617 0.7932 48.3538
17.1571 43.2268 52.8995 0.8996 46.5401
15.0093 39.1765 49.614 0.4147 39.3139
13.3695 36.7674 47.5547 0.1459 34.4718
10.2843 33.3575 44.6296 0.2731 25.5501
8.2185 31.6818 43.1467 0.1526 20.1999
5.7337 30.1789 41.9497 0.0886 14.1405
2.4319 28.7649 41.125 0.1728 5.9352
0.1623 28.2336 41.0889 0.0688 0.785
-3.645 27.8606 41.9199 0.1969 -8.3375
-9.681 29.1133 45.7071 0.3108 -22.8055
-14.0831 32.1108 50.5433 -0.0412 -33.42
-16.436 34.6245 54.0196 -0.1701 -39.2334
-16.1263 33.3493 53.6657 -1.8839 -37.4455
-12.8594 29.8052 49.6303 -0.1193 -30.1854
-9.5094 27.8657 46.1651 -0.0803 -22.0174
-3.429 26.6571 42.5257 -0.0983 -7.7525
0.43 27.0738 41.7742 -0.2235 1.3695
5.1768 28.6357 42.427 -0.1819 12.4336
8.5701 30.6908 44.0756 -0.1532 20.7873
10.6131 32.3705 45.5429 -0.051 25.932
12.7488 34.6755 47.5943 -0.1149 32.0595
16.65 40.7671 52.6005 -0.6388 44.8769
16.7971 40.4908 52.3241 -0.6227 44.885
17.9626 42.8761 54.4911 0.75 48.3424
17.3286 43.0087 52.6772 0.9175 46.6092
15.1627 38.9257 49.3333 0.4003 39.3704
13.5041 36.4931 47.2457 0.1391 34.5131
10.3834 33.0518 44.2716 0.2731 25.5448
8.3119 31.3746 42.7777 0.1466 20.2488
5.6918 29.8005 41.52 0.1003 13.8986
2.475 28.4407 40.7147 0.1613 5.9871
0.1806 27.9019 40.6721 0.063 0.8251
-3.6554 27.5244 41.4944 0.1853 -8.2791
-9.7405 28.7711 45.2861 0.2919 -22.7235
-14.3231 31.8821 50.3463 -0.0069 -33.7712
-16.5903 34.3492 53.6939 -0.2221 -39.2737
-16.2854 33.0564 53.354 -1.8704 -37.482
-12.9793 29.4709 49.2624 -0.1061 -30.1983
-9.5938 27.5187 45.7617 -0.0742 -22.0067
-5.7949 26.5348 43.1306 -0.194 -12.8967
-3.4582 26.3072 42.1019 -0.0925 -7.7412
0.43 26.7245 41.3537 -0.2121 1.3638
5.2253 28.2989 42.0244 -0.176 12.4449
8.6486 30.3604 43.6918 -0.1471 20.7928
10.714 32.0512 45.1813 -0.0446 25.95
12.8612 34.3645 47.2518 -0.1082 32.0513
16.7971 40.4908 52.3241 -0.6227 44.885
16.9432 40.2129 52.0467 -0.5985 44.889
18.12 42.6354 54.2203 0.7068 48.3344
17.5528 42.8879 52.5496 0.9154 46.9781
15.3162 38.6772 49.0518 0.3857 39.4279
13.6404 36.2226 46.9378 0.1322 34.5626
10.4818 32.7483 43.9117 0.273 25.5371
8.4066 31.0731 42.4069 0.1344 20.3031
5.65 29.4282 41.0879 0.1061 13.6569
2.5182 28.1194 40.3033 0.1498 6.039
0.1987 27.573 40.2541 0.0573 0.8652
-3.666 27.1913 41.0679 0.1737 -8.2216
-9.8005 28.4347 44.863 0.267 -22.644
-14.5634 31.656 50.1501 0.0277 -34.1254
-16.7445 34.0762 53.3672 -0.274 -39.3144
-16.5735 32.8961 53.2552 -1.8061 -38.1047
-13.0979 29.1379 48.8917 -0.0928 -30.206
-9.6776 27.1741 45.3566 -0.068 -21.9939
-5.8509 26.1874 42.7151 -0.1822 -12.9023
-3.4875 25.9602 41.6769 -0.0867 -7.7298
0.4317 26.3782 40.9322 -0.2006 1.3638
5.2737 27.9649 41.6206 -0.1702 12.4561
8.7261 30.0323 43.3061 -0.141 20.7947
10.8155 31.7371 44.8172 -0.0446 25.9705
12.9726 34.0526 46.9085 -0.0946 32.0389
16.9432 40.2129 52.0467 -0.5985 44.889
17.0891 39.9389 51.7658 -0.5823 44.8931
18.2764 42.3931 53.9486 0.6721 48.3219
17.7472 42.7167 52.3666 0.9189 47.1806
15.4686 38.4295 48.7676 0.3712 39.4808
13.7765 35.9564 46.6266 0.1184 34.6117
10.582 32.4482 43.5523 0.273 25.5371
8.4999 30.7711 42.0356 0.1283 20.3522
5.608 29.0566 40.6561 0.1178 13.415
2.5613 27.7984 39.8924 0.1441 6.0909
0.2169 27.2472 39.8351 0.0516 0.9053
-3.6779 26.8615 40.6408 0.1621 -8.169
-6.0312 27.1048 41.7205 0.0765 -13.3498
-9.8605 28.099 44.4403 0.2482 -22.5643
-14.8014 31.4302 49.9513 0.0625 -34.4718
-16.8984 33.8054 53.0394 -0.326 -39.3547
-16.7832 32.6666 53.0211 -1.7981 -38.3741
-13.2176 28.8084 48.5212 -0.0796 -30.2189
-9.7614 26.8348 44.9488 -0.068 -21.9813
-5.9055 25.8452 42.2963 -0.1763 -12.9023
-3.5167 25.6163 41.2508 -0.081 -7.7184
0.4317 26.0348 40.5095 -0.1891 1.3581
5.3209 27.6334 41.2151 -0.1643 12.4628
8.8045 29.7071 42.9197 -0.1348 20.8
10.9152 31.4219 44.4516 -0.0382 25.9833
13.0838 33.743 46.5637 -0.0811 32.0261
15.8917 37.718 49.9653 -0.0751 40.2463
17.0891 39.9389 51.7658 -0.5823 44.8931
17.2357 39.668 51.4849 -0.5662 44.9012
18.4334 42.1563 53.6753 0.6289 48.3146
17.9427 42.5474 52.1877 0.931 47.3912
15.6216 38.187 48.4815 0.3492 39.5378
13.9117 35.6893 46.3152 0.1114 34.6576
10.6809 32.15 43.1906 0.273 25.5321
8.5932 30.4716 41.6632 0.1223 20.4011
6.3842 29.1207 40.5293 0.0297 15.2064
2.6043 27.4831 39.479 0.1325 6.1422
0.2351 26.9218 39.4165 0.0516 0.9454
-3.6885 26.5347 40.2123 0.1505 -8.1114
-6.0684 26.7744 41.2978 0.0707 -13.3094
-9.9199 27.7662 44.016 0.2294 -22.4822
-15.0408 31.2079 49.7546 0.0977 -34.8262
-17.053 33.5379 52.7119 -0.3782 -39.3991
-16.9932 32.44 52.7877 -1.7904 -38.6469
-13.3361 28.4828 48.1465 -0.0729 -30.2269
-9.8438 26.4953 44.5404 -0.0618 -21.9632
-5.9604 25.5034 41.8779 -0.1646 -12.9035
-3.5458 25.2755 40.8236 -0.0752 -7.7064
0.4318 25.6943 40.0855 -0.1777 1.3523
5.3694 27.305 40.809 -0.1584 12.4741
8.8829 29.3821 42.5337 -0.1226 20.8055
11.016 31.1125 44.0845 -0.0382 26.0013
13.1961 33.4366 46.219 -0.0676 32.0183
16.0334 37.4426 49.6665 -0.0676 40.2627
17.2357 39.668 51.4849 -0.5662 44.9012
17.3807 39.3967 51.1999 -0.55 44.9017
18.574 41.9308 53.3272 0.4214 48.2139
18.1364 42.3793 52.0032 0.9346 47.594
15.7737 37.9432 48.1949 0.3346 39.5908
14.0477 35.4251 46.0037 0.1045 34.7072
10.7792 31.854 42.8271 0.273 25.5244
8.6865 30.1773 41.2881 0.1101 20.45
6.4546 28.8143 40.1361 0.0238 15.2425
2.649 27.1709 39.0649 0.121 6.1997
0.2533 26.6021 38.9954 0.0458 0.9855
-3.699 26.2111 39.7828 0.1389 -8.0539
-6.1054 26.4473 40.8742 0.0647 -13.2678
-9.9798 27.4395 43.5899 0.2045 -22.4025
-15.2786 30.9866 49.5565 0.1332 -35.1759
-17.1789 33.2971 52.289 -0.6294 -39.3088
-17.2029 32.2152 52.5539 -1.7826 -38.9202
-13.4556 28.1583 47.7735 -0.0597 -30.2395
-9.9275 26.1593 44.1319 -0.0556 -21.9504
-6.0149 25.1645 41.4584 -0.1528 -12.9036
-3.575 24.9403 40.394 -0.0752 -7.6949
0.4334 25.3596 39.6593 -0.1719 1.3523
2.8561 25.9536 39.7766 -0.0923 6.5572
5.4163 26.9791 40.401 -0.1526 12.4797
8.9612 29.0623 42.1449 -0.1165 20.8107
11.1168 30.8031 43.7177 -0.0319 26.0193
13.3072 33.1316 45.8715 -0.054 32.0055
16.1749 37.1713 49.3642 -0.0676 40.2787
17.3807 39.3967 51.1999 -0.55 44.9017
17.5269 39.1295 50.9161 -0.534 44.9098
18.7805 41.7429 53.2 0.5706 48.4932
18.3305 42.2139 51.8191 0.9384 47.8009
15.9265 37.7025 47.9085 0.32 39.6479
14.1825 35.1644 45.6878 0.0907 34.7518
10.878 31.561 42.463 0.273 25.5192
8.7797 29.8831 40.9136 0.104 20.4991
6.5264 28.5085 39.7442 0.0238 15.2842
2.6921 26.8588 38.6511 0.1153 6.2516
0.2731 26.2855 38.5734 0.0401 1.0314
-3.7109 25.8881 39.3542 0.1331 -8.0012
-6.1408 26.1228 40.4488 0.0589 -13.2205
-10.0397 27.1135 43.1643 0.1858 -22.3227
-12.3068 28.3124 45.3726 0.0839 -27.4722
-15.5168 30.768 49.3592 0.169 -35.5288
-17.4465 33.0928 52.2112 -0.4107 -39.8879
-17.4113 31.9912 52.3184 -1.7744 -39.1895
-13.5751 27.8363 47.3994 -0.0464 -30.2524
-10.0111 25.8288 43.7209 -0.0556 -21.9376
-6.0695 24.8313 41.0365 -0.147 -12.9036
-3.6058 24.6059 39.9653 -0.0694 -7.6893
0.4335 25.0253 39.2332 -0.1605 1.3466
2.8818 25.6242 39.354 -0.0865 6.5635
5.465 26.6565 39.9929 -0.1467 12.4921
9.0401 28.7454 41.7554 -0.1103 20.8182
11.2169 30.4983 43.3474 -0.0319 26.0346
13.4182 32.8315 45.521 -0.0473 31.9927
16.3147 36.8978 49.0598 -0.0601 40.2867
17.5269 39.1295 50.9161 -0.534 44.9098
17.6722 38.8629 50.6294 -0.5178 44.9138
18.882 41.4732 52.7492 0.2749 48.1696
18.5242 42.05 51.6343 0.9421 48.0079
16.0791 37.4637 47.6209 0.3054 39.7048
14.3182 34.9044 45.3739 0.0837 34.801
10.9762 31.2701 42.0971 0.273 25.5117
8.8729 29.5941 40.5365 0.0918 20.5481
6.5963 28.2076 39.3488 0.0178 15.3189
2.7352 26.5526 38.2349 0.1037 6.3035
0.2913 25.9719 38.1505 0.0344 1.0715
-3.7215 25.5709 38.9229 0.1215 -7.9437
-6.1777 25.8018 40.0231 0.053 -13.1788
-10.1003 26.7912 42.7385 0.1671 -22.246
-12.3955 27.9913 44.97 0.0775 -27.4261
-15.7545 30.5513 49.1617 0.2051 -35.882
-17.4489 32.5545 51.7039 -0.1553 -39.2172
-17.6209 31.7712 52.0851 -1.7667 -39.4664
-13.6926 27.5156 47.022 -0.0332 -30.2574
-10.0948 25.4988 43.3104 -0.0494 -21.9248
-6.1255 24.4987 40.6155 -0.1352 -12.9091
-3.635 24.2743 39.535 -0.0636 -7.6779
0.4336 24.6941 38.8062 -0.149 1.3409
2.9088 25.2981 38.9309 -0.0808 6.5749
5.5135 26.3368 39.5836 -0.1409 12.5033
9.1184 28.4312 41.3645 -0.1042 20.8237
11.3176 30.1966 42.9767 -0.0319 26.0526
13.5303 32.5322 45.1723 -0.0338 31.9848
16.456 36.6285 48.757 -0.0526 40.3032
17.6722 38.8629 50.6294 -0.5178 44.9138
17.8174 38.5962 50.3435 -0.4936 44.9179
19.0584 41.2224 52.5711 0.4735 48.2782
18.7147 41.8826 51.4427 0.9455 48.1982
16.2316 37.227 47.3322 0.2907 39.762
14.453 34.646 45.0581 0.0768 34.8471
11.0762 30.9829 41.732 0.273 25.5117
8.9674 29.3057 40.1609 0.0857 20.6023
6.6667 27.9097 38.9526 0.0119 15.3551
2.7784 26.2493 37.8177 0.0922 6.3554
0.3095 25.6614 37.7265 0.0287 1.1116
-3.7336 25.2572 38.4913 0.1099 -7.8919
-6.2135 25.4838 39.596 0.0471 -13.133
-10.1601 26.4743 42.3097 0.1423 -22.1663
-12.4841 27.6756 44.5647 0.0645 -27.3798
-16.0701 30.3913 49.1 0.3211 -36.5911
-17.6733 32.5047 51.3915 -0.6172 -39.5931
-17.8197 31.5287 51.8423 -1.7204 -39.6954
-13.8119 27.2012 46.6442 -0.0265 -30.2699
-10.1783 25.1716 42.8988 -0.0432 -21.9119
-6.18 24.1689 40.1929 -0.1234 -12.9091
-3.6641 23.946 39.1039 -0.0578 -7.6658
0.4337 24.3659 38.3781 -0.1375 1.3352
2.9344 24.9749 38.5064 -0.075 6.5806
5.5607 26.0197 39.1727 -0.135 12.5102
9.1953 28.1191 40.9712 -0.0981 20.8237
11.417 29.8941 42.6052 -0.0255 26.0653
13.6412 32.2344 44.821 -0.0203 31.972
16.5963 36.3625 48.4496 -0.0526 40.3153
17.8174 38.5962 50.3435 -0.4936 44.9179
17.9632 38.3347 50.0556 -0.4774 44.926
19.2354 40.9749 52.3933 0.673 48.3909
18.87 41.6619 51.1727 0.9196 48.1868
16.383 36.9913 47.041 0.276 39.8147
14.5885 34.3904 44.742 0.0699 34.8964
11.1749 30.6977 41.3646 0.273 25.5065
9.061 29.0223 39.7823 0.0735 20.6532
6.7384 27.6123 38.5577 0.0119 15.3968
2.8217 25.9465 37.4012 0.0865 6.4079
0.3276 25.3542 37.3018 0.0229 1.1517
-3.7439 24.9465 38.0583 0.0983 -7.8336
-6.2503 25.1693 39.1686 0.0412 -13.0912
-10.2199 26.1583 41.8817 0.1237 -22.0866
-12.5727 27.3605 44.1601 0.058 -27.3337
-16.248 30.137 48.8011 0.3 -36.6772
-17.8962 32.4609 51.0787 -1.0915 -39.964
-17.9594 31.1469 51.55 -1.4438 -39.6508
-13.93 26.8863 46.2655 -0.0133 -30.2779
-10.2625 24.8504 42.4854 -0.0432 -21.9014
-6.2345 23.845 39.7682 -0.1176 -12.9091
-3.6934 23.6208 38.6719 -0.052 -7.6545
0.4353 24.041 37.9492 -0.1261 1.3352
2.9599 24.6547 38.0808 -0.0692 6.5863
5.6091 25.7058 38.7614 -0.1291 12.5213
9.2741 27.8079 40.5798 -0.0858 20.8309
11.5182 29.5979 42.2329 -0.0255 26.0859
13.7519 31.9391 44.4685 -0.0068 31.9592
16.7373 36.0973 48.1442 -0.0451 40.3318
17.9632 38.3347 50.0556 -0.4774 44.926
18.1074 38.0736 49.7637 -0.4613 44.926
19.4122 40.7289 52.2143 0.8734 48.5038
19.0244 41.4397 50.9019 0.9021 48.1709
16.5422 36.7682 46.7644 0.2614 39.9122
14.7279 34.1402 44.4308 0.0629 34.9663
11.2762 30.4169 40.9946 0.2666 25.5117
9.1488 28.7364 39.3998 0.0674 20.6821
6.7608 27.299 38.1377 -0.0059 15.3496
2.8674 25.6494 36.9831 0.075 6.4712
0.35 25.0499 36.8765 0.0172 1.209
-3.7611 24.637 37.6279 0.0925 -7.7995
-6.2909 24.8587 38.7423 0.0353 -13.0621
-10.2769 25.8416 41.4518 0.1112 -21.9939
-12.661 27.0482 43.7544 0.0516 -27.2851
-16.378 29.8404 48.4359 0.2856 -36.6356
-18.119 32.4201 50.7706 -1.5636 -40.3364
-18.0986 30.7666 51.2554 -1.1676 -39.6052
-14.0488 26.5746 45.8867 -0.0 -30.2905
-10.3378 24.526 42.065 -0.037 -21.8578
-6.2791 23.522 39.3375 -0.1117 -12.873
-3.7098 23.3003 38.2341 -0.052 -7.5969
0.445 23.7223 37.5183 -0.1204 1.3638
2.9951 24.3391 37.6568 -0.0634 6.6268
5.6565 25.3913 38.3485 -0.1174 12.5269
9.3647 27.51 40.1939 -0.0859 20.8852
11.6385 29.3154 41.8789 -0.0255 26.1857
13.8612 31.6454 44.1126 0.0068 31.9386
16.8899 35.8509 47.855 -0.0451 40.4051
18.1074 38.0736 49.7637 -0.4613 44.926
18.2533 37.8151 49.4755 -0.4371 44.9341
19.5055 40.4545 51.7441 0.5838 48.1359
19.1258 41.1186 50.5325 0.9221 47.8495
16.7064 36.556 46.495 0.2395 40.0388
14.8741 33.8979 44.1285 0.056 35.0696
11.3825 30.1393 40.6263 0.2603 25.5374
9.2324 28.4486 39.0146 0.0674 20.6948
6.7378 26.9663 37.697 -0.0297 15.2244
2.9128 25.3496 36.5669 0.075 6.5344
0.3781 24.7486 36.4507 0.0115 1.2893
-3.7845 24.3314 37.1985 0.0867 -7.7874
-6.336 24.5521 38.3174 0.0294 -13.0495
-10.3322 25.5249 41.0213 0.105 -21.8939
-12.7484 26.7383 43.3466 0.0451 -27.2312
-16.4801 29.5245 48.0289 0.2638 -36.5176
-18.1159 31.8019 50.306 -1.0268 -39.6354
-18.1347 30.4016 50.6951 -1.314 -39.082
-14.166 26.2697 45.5022 -0.0 -30.2985
-10.4094 24.2087 41.6382 -0.0432 -21.8013
-6.3145 23.2006 38.9017 -0.1058 -12.8036
-3.7181 22.9823 37.7931 -0.052 -7.5102
0.4627 23.4101 37.0858 -0.1204 1.4211
3.0366 24.0303 37.2319 -0.0635 6.6901
5.7044 25.0765 37.9348 -0.0998 12.5325
9.4665 27.2195 39.8158 -0.0859 20.9831
11.7705 29.0473 41.5328 -0.0384 26.3344
13.966 31.349 43.7517 0.027 31.8974
17.0504 35.6188 47.5763 -0.0528 40.5185
18.2533 37.8151 49.4755 -0.4371 44.9341
18.3975 37.5588 49.1814 -0.4209 44.9347
19.6272 40.1972 51.3703 0.4532 47.9337
19.2452 40.8363 50.195 0.9268 47.6347
16.8703 36.3435 46.2265 0.2249 40.1647
15.0192 33.6543 43.8255 0.0561 35.1681
11.4875 29.8637 40.2558 0.254 25.5578
9.3173 28.1669 38.6281 0.0613 20.7129
6.6411 26.578 37.2351 0.0356 14.8088
2.9582 25.0557 36.1485 0.0692 6.5977
0.4047 24.4507 36.0241 0.0057 1.3638
-3.8064 24.026 36.7692 0.0867 -7.7703
-6.3801 24.2457 37.8924 0.0294 -13.0328
-10.3894 25.2124 40.5915 0.0987 -21.8013
-12.8362 26.4292 42.9401 0.0451 -27.1799
-16.5828 29.2127 47.6221 0.242 -36.4032
-18.194 31.3984 49.8962 -0.8592 -39.3232
-18.211 30.0391 50.2376 -1.3005 -38.7483
-14.2831 25.9651 45.1182 0.0066 -30.3065
-10.4816 23.8923 41.2124 -0.0432 -21.7471
-6.3494 22.8825 38.4649 -0.0999 -12.7327
-3.7264 22.6706 37.3503 -0.0578 -7.4235
0.482 23.1012 36.6525 -0.1204 1.4841
3.0781 23.7247 36.8064 -0.0635 6.7533
5.7508 24.7671 37.518 -0.088 12.5325
9.5682 26.929 39.4384 -0.0798 21.0811
11.9006 28.778 41.1858 -0.0448 26.4754
14.0726 31.0565 43.3918 0.0472 31.864
17.2124 35.3906 47.2997 -0.0604 40.6407
18.3975 37.5588 49.1814 -0.4209 44.9347
18.543 37.3066 48.8888 -0.4047 44.9428
19.7485 39.9412 50.9975 0.3322 47.7314
19.365 40.5581 49.8577 0.9316 47.4238
17.0333 36.1319 45.9557 0.2103 40.2867
15.1641 33.4129 43.5216 0.0561 35.2667
11.5919 29.5932 39.8822 0.2414 25.5758
9.4008 27.8848 38.241 0.0613 20.7256
6.5884 26.2292 36.7848 0.0474 14.5672
3.0052 24.7651 35.7299 0.0635 6.6673
0.4312 24.1559 35.5968 -0.0 1.4383
-3.8282 23.7266 36.3378 0.081 -7.7525
-6.4254 23.9429 37.4673 0.0294 -13.0204
-10.4453 24.9028 40.1599 0.0925 -21.7035
-12.9241 26.1259 42.5313 0.0386 -27.1287
-16.6844 28.9032 47.213 0.2203 -36.284
-18.2708 30.9976 49.4837 -0.6931 -39.0068
-18.2859 29.6779 49.7797 -1.2797 -38.4102
-14.4006 25.6635 44.7338 0.0133 -30.3164
-10.5532 23.5789 40.7853 -0.0432 -21.6907
-6.3829 22.5674 38.0266 -0.094 -12.6562
-3.7347 22.3595 36.9079 -0.0578 -7.3368
0.5013 22.7955 36.2184 -0.1204 1.5472
3.1198 23.4223 36.3801 -0.0635 6.8173
5.7973 24.4582 37.1019 -0.0704 12.5325
9.6698 26.6439 39.0586 -0.0799 21.1789
12.0317 28.5119 40.8393 -0.0513 26.6213
14.1772 30.7652 43.0284 0.0674 31.8225
17.3725 35.1624 47.0192 -0.0681 40.754
18.543 37.3066 48.8888 -0.4047 44.9428
18.6868 37.052 48.5939 -0.3805 44.9428
19.8686 39.6871 50.622 0.2121 47.5242
19.4838 40.2838 49.5154 0.9279 47.209
17.1968 35.9233 45.6855 0.1956 40.4131
15.3088 33.176 43.215 0.0492 35.365
11.6981 29.3238 39.511 0.2351 25.6015
9.4856 27.6088 37.8526 0.0551 20.7438
6.5367 25.8816 36.3355 0.065 14.3295
3.0506 24.4776 35.3101 0.0577 6.7306
0.4578 23.8672 35.1674 -0.0115 1.5127
-3.8503 23.4278 35.9069 0.081 -7.7355
-6.4691 23.6457 37.0394 0.0235 -13.0023
-10.5024 24.5971 39.7286 0.0863 -21.611
-13.0119 25.8232 42.1232 0.0386 -27.0775
-16.7868 28.5981 46.8046 0.1987 -36.1695
-18.3472 30.5983 49.0715 -0.5212 -38.69
-18.3595 29.3227 49.3183 -1.2664 -38.0678
-14.5175 25.3645 44.348 0.0199 -30.324
-10.6254 23.2692 40.3579 -0.0432 -21.6364
-6.4179 22.256 37.5883 -0.0881 -12.5853
-3.7415 22.0518 36.4647 -0.0578 -7.2444
0.519 22.4932 35.7837 -0.1204 1.6045
3.1614 23.123 35.9529 -0.0635 6.8806
5.8455 24.1554 36.6842 -0.0587 12.5394
9.7719 26.3618 38.6787 -0.0799 21.2791
12.1634 28.2486 40.4927 -0.0578 26.7699
14.2824 30.4771 42.6648 0.0876 31.7842
17.5325 34.9363 46.738 -0.0758 40.8681
18.6868 37.052 48.5939 -0.3805 44.9428
18.8304 36.8018 48.2961 -0.3643 44.9428
20.3625 40.8316 50.362 -2.8673 49.4805
20.7947 40.7585 53.7296 9.1814 54.3032
17.3601 35.7189 45.4126 0.1734 40.5391
15.4535 32.939 42.9094 0.0492 35.4638
11.8024 29.0564 39.1371 0.2287 25.6194
9.5691 27.3325 37.4639 0.0552 20.7565
6.4838 25.5403 35.8835 0.0768 14.0876
3.096 24.1903 34.8907 0.0577 6.7939
0.4859 23.579 34.7388 -0.0172 1.593
-3.8722 23.1351 35.4741 0.0752 -7.7184
-6.5146 23.3494 36.6129 0.0235 -12.9911
-10.5582 24.2944 39.2956 0.0801 -21.5131
-13.0997 25.5262 41.7128 0.0322 -27.0263
-16.8899 28.2971 46.3966 0.1772 -36.0586
-18.3582 29.6172 48.9199 1.2593 -38.0714
-18.5084 28.2395 49.5256 1.2593 -38.0714
-14.6344 25.0683 43.9615 0.0266 -30.332
-10.6969 22.9625 39.9294 -0.0431 -21.58
-6.4532 21.951 37.1485 -0.088 -12.5158
-3.7497 21.7505 36.02 -0.0635 -7.1577
0.5383 22.1942 35.3483 -0.1204 1.6675
3.2029 22.8242 35.5264 -0.0577 6.9438
5.8919 23.8526 36.2662 -0.0411 12.5394
9.8722 26.0817 38.2963 -0.08 21.3716
12.2944 27.9874 40.1449 -0.0643 26.9162
15.6977 31.7709 43.7854 -0.1268 35.5623
18.8304 36.8018 48.2961 -0.3643 44.9428
18.9754 36.5534 48.0016 -0.34 44.9508
19.9741 38.7236 49.8311 0.9299 46.362
19.682 39.688 48.7432 0.8836 46.5771
17.5231 35.5141 45.1406 0.1586 40.6648
15.598 32.704 42.6027 0.0493 35.5623
11.9084 28.7925 38.764 0.2224 25.6448
9.6539 27.0623 37.0737 0.049 20.7746
6.4308 25.2028 35.4309 0.0885 13.8458
3.1416 23.9092 34.4695 0.0519 6.8578
0.5124 23.2942 34.3096 -0.0229 1.6675
-3.894 22.8457 35.0405 0.0694 -7.7006
-6.5584 23.0588 36.1835 0.0176 -12.9731
-10.6152 23.9958 38.8631 0.0739 -21.4206
-13.1873 25.2324 41.3016 0.0257 -26.9749
-16.991 27.9977 45.9851 0.1557 -35.9394
-18.5221 30.0489 48.1383 -0.8308 -38.1702
-18.5051 28.5907 48.4141 -1.1397 -37.4031
-14.7523 24.7758 43.5755 0.0332 -30.3446
-10.769 22.6595 39.5008 -0.0431 -21.5259
-6.4881 21.6466 36.709 -0.0821 -12.4449
-3.758 21.45 35.576 -0.0635 -7.071
0.556 21.8985 34.9121 -0.1204 1.7249
3.2445 22.5316 35.0981 -0.0577 7.0077
5.9398 23.5561 35.8469 -0.0293 12.545
9.9736 25.8048 37.9142 -0.08 21.4694
12.4259 27.7317 39.7955 -0.0772 27.0646
15.8379 31.5219 43.4652 -0.1269 35.6481
17.8527 34.4885 46.1761 -0.0836 41.0999
18.9754 36.5534 48.0016 -0.34 44.9508
19.1186 36.3074 47.7013 -0.3238 44.9508
20.1107 38.4388 49.542 1.0363 46.2837
19.7316 39.2916 48.2769 0.9242 46.0215
17.686 35.3113 44.8678 0.1438 40.7909
15.7424 32.4738 42.2936 0.0423 35.661
12.0132 28.5336 38.3875 0.2098 25.6656
9.7373 26.7918 36.6832 0.049 20.7873
6.3778 24.8692 34.9776 0.1002 13.604
3.1884 23.6313 34.048 0.0462 6.9267
0.539 23.0126 33.8795 -0.0287 1.7421
-3.9175 22.5571 34.608 0.0694 -7.6893
-6.6039 22.7691 35.7557 0.0176 -12.962
-10.6704 23.6999 38.4284 0.0677 -21.3206
-13.2749 24.9393 40.8912 0.0257 -26.9238
-17.093 27.7026 45.5742 0.1343 -35.8246
-18.6574 29.6999 47.8357 -0.5904 -38.1716
-18.5819 28.2487 47.9547 -1.1285 -37.1375
-14.869 24.4855 43.1875 0.0398 -30.3526
-10.8418 22.3602 39.0721 -0.0431 -21.4748
-6.5231 21.3456 36.2689 -0.0762 -12.3741
-3.7648 21.1528 35.1309 -0.0635 -6.9786
0.5753 21.6063 34.4755 -0.1204 1.7879
3.2861 22.2421 34.6689 -0.0577 7.071
5.9862 23.2596 35.4272 -0.0117 12.545
10.0751 25.5308 37.5315 -0.0801 21.5672
12.5572 27.4759 39.4471 -0.0838 27.2133
15.979 31.2786 43.144 -0.1341 35.7386
18.0127 34.2691 45.8933 -0.0914 41.217
19.1186 36.3074 47.7013 -0.3238 44.9508
19.2632 36.0656 47.4027 -0.3077 44.959
20.0818 37.8922 48.9279 1.1247 45.3309
19.6457 38.8279 47.4377 0.4841 44.7557
17.8478 35.1095 44.5929 0.1289 40.9126
15.8865 32.2432 41.9853 0.0424 35.7594
12.1185 28.2751 38.0122 0.2035 25.6885
9.822 26.5275 36.2915 0.0429 20.8055
6.3247 24.5394 34.5237 0.1119 13.3622
3.2338 23.3566 33.6254 0.0404 6.99
0.5656 22.7344 33.449 -0.0344 1.8166
-3.9393 22.2745 34.1732 0.0636 -7.6715
-6.6476 22.4851 35.325 0.0118 -12.9439
-10.726 23.4079 37.9936 0.0615 -21.2226
-13.3625 24.652 40.4787 0.0193 -26.8727
-17.1948 27.4111 45.1628 0.1129 -35.71
-18.688 29.3731 47.2825 -0.7391 -37.7419
-18.2237 27.3057 46.9687 -0.5455 -34.9811
-14.9849 24.2002 42.7964 0.0398 -30.3576
-10.9138 22.0641 38.6423 -0.0431 -21.4206
-6.5583 21.0483 35.8283 -0.0704 -12.3045
-3.7731 20.8622 34.6847 -0.0692 -6.8919
0.5945 21.3175 34.0383 -0.1204 1.8509
3.3276 21.956 34.2393 -0.0577 7.1343
6.034 22.9693 35.0061 -0.0 12.5505
10.1765 25.2596 37.1482 -0.0801 21.6652
12.6885 27.2225 39.098 -0.0903 27.3619
16.119 31.0342 42.8221 -0.1343 35.8246
18.1718 34.0509 45.6085 -0.0992 41.3309
19.2632 36.0656 47.4027 -0.3077 44.959
19.4062 35.8216 47.1019 -0.2834 44.959
19.8374 36.7842 48.1591 2.1409 43.2733
18.7641 36.6903 45.858 2.3736 39.4056
18.0102 34.9132 44.3168 0.1063 41.0386
16.0305 32.0174 41.6746 0.0354 35.8579
12.2232 28.0192 37.6354 0.1971 25.709
9.9067 26.2633 35.9004 0.0429 20.8237
5.9078 24.0407 33.9359 0.1641 12.2224
3.2793 23.0822 33.2034 0.0404 7.0539
0.5936 22.4595 33.0179 -0.0401 1.8967
-3.9613 21.9924 33.7389 0.0636 -7.6545
-6.6931 22.202 34.8958 0.0118 -12.9327
-10.7829 23.1199 37.5593 0.0553 -21.13
-13.45 24.3681 40.0655 0.0128 -26.8213
-17.2955 27.1221 44.7492 0.0916 -35.5909
-18.4689 28.9514 46.2656 -1.2784 -36.2142
-19.0506 27.2248 48.0616 1.0433 -38.25
-16.1536 24.7763 43.6558 -0.1355 -32.2501
-13.7131 23.0743 40.7954 -0.0773 -27.1621
-10.9851 21.7712 38.2113 -0.0431 -21.3641
-6.5917 20.7542 35.3865 -0.0645 -12.228
-3.7813 20.5723 34.2391 -0.0692 -6.8052
0.6123 21.032 33.6004 -0.1204 1.9084
3.3693 21.6732 33.809 -0.0577 7.1982
6.0804 22.6792 34.585 0.0176 12.5505
10.2784 24.9914 36.7646 -0.0802 21.7652
12.8178 26.9708 38.7464 -0.0969 27.5027
16.2599 30.7955 42.4993 -0.1415 35.9153
18.3307 33.8348 45.3229 -0.107 41.4444
19.4062 35.8216 47.1019 -0.2834 44.959
19.5496 35.5831 46.7997 -0.2672 44.963
19.8847 36.4154 47.6412 1.993 42.8426
17.9216 34.9469 44.48 3.7219 34.6473
18.1723 34.7164 44.0416 0.0913 41.1642
16.1744 31.7913 41.3646 0.0354 35.9565
12.3277 27.7661 37.2578 0.1908 25.7294
9.99 26.0045 35.5062 0.0368 20.8364
5.9669 23.7726 33.5226 0.1642 12.2572
3.3262 22.8142 32.78 0.0346 7.1229
0.6202 22.188 32.5861 -0.0459 1.9714
-3.9833 21.7167 33.303 0.0578 -7.6374
-6.7368 21.922 34.4652 0.0118 -12.9147
-10.8385 22.835 37.1234 0.0491 -21.0322
-13.5373 24.0847 39.653 0.0128 -26.7699
-17.3978 26.8357 44.3392 0.0774 -35.4799
-18.5757 28.6228 45.8904 -1.1722 -36.2405
-19.4636 26.847 48.4446 2.3689 -39.7029
-17.6362 25.6244 45.1262 -0.0211 -35.5495
-15.2189 23.635 42.0182 0.0531 -30.3782
-11.0565 21.4818 37.7799 -0.043 -21.3078
-6.6266 20.4639 34.9448 -0.0586 -12.1572
-3.7898 20.2861 33.7931 -0.0692 -6.7192
0.6316 20.75 33.1621 -0.1204 1.9714
3.4108 21.3938 33.3781 -0.0578 7.2615
6.1283 22.3926 34.1637 0.0352 12.5561
10.3784 24.7226 36.3801 -0.0741 21.8578
12.9489 26.7227 38.3963 -0.1035 27.6514
16.3996 30.5556 42.1757 -0.1416 36.001
18.4902 33.6217 45.0379 -0.1149 41.5622
19.5496 35.5831 46.7997 -0.2672 44.963
19.6929 35.3444 46.4981 -0.243 44.9671
19.6539 35.5405 46.7687 2.3316 41.0092
17.9047 34.5266 43.9321 3.6863 34.0009
18.3335 34.5208 43.7644 0.0762 41.2861
16.3173 31.5667 41.0525 0.0354 36.0506
12.4329 27.5191 36.8786 0.1781 25.7526
10.0746 25.7463 35.1136 0.0368 20.8545
6.0277 23.5079 33.1093 0.1642 12.2988
3.3717 22.5492 32.3556 0.0289 7.1868
0.6468 21.9228 32.1527 -0.0573 2.0458
-4.0051 21.4415 32.8675 0.0578 -7.6196
-6.782 21.6486 34.0336 0.0059 -12.9023
-10.8953 22.5542 36.6881 0.0429 -20.9395
-13.6247 23.8074 39.2387 0.0064 -26.7189
-17.6146 26.5764 44.1422 0.2758 -35.8866
-18.4337 28.1483 45.1028 -1.269 -35.1841
-17.5204 26.1756 44.1494 -1.8925 -30.6895
-18.3658 25.7005 45.8081 0.6129 -38.2527
-15.3352 23.3566 41.6274 0.0598 -30.3858
-11.1284 21.1989 37.3472 -0.0492 -21.2534
-6.6619 20.18 34.5016 -0.0586 -12.0876
-3.7965 20.0063 33.3452 -0.075 -6.6268
0.6493 20.4686 32.7243 -0.1147 2.0286
3.4524 21.1177 32.9468 -0.0578 7.3255
6.1746 22.1117 33.7399 0.047 12.5561
10.4796 24.4598 35.9947 -0.0741 21.9556
13.0799 26.4798 38.0442 -0.1166 27.8003
16.5402 30.3191 41.853 -0.1418 36.0919
18.6496 33.4083 44.754 -0.1151 41.6803
19.6929 35.3444 46.4981 -0.243 44.9671
19.8789 35.1928 46.2631 -0.2763 45.1699
18.9754 33.8521 45.5196 3.7295 37.0707
17.5061 32.9592 43.5906 6.0333 31.6215
18.5055 34.3421 43.5042 0.0535 41.4653
16.4615 31.3482 40.7404 0.0284 36.1524
12.5374 27.2719 36.4996 0.1718 25.7731
10.1579 25.4935 34.7178 0.0307 20.8672
6.0882 23.2464 32.6952 0.1642 12.3393
3.4171 22.2876 31.9307 0.0231 7.2501
0.6733 21.6581 31.7199 -0.0631 2.1204
-4.0286 21.1727 32.4307 0.052 -7.6083
-6.826 21.3754 33.602 0.0059 -12.8856
-10.9507 22.2765 36.2513 0.0368 -20.8416
-13.712 23.5306 38.825 0.0064 -26.6676
-17.6001 26.2719 43.5153 0.0491 -35.2621
-17.6201 27.7003 43.1605 -2.6622 -31.2716
-16.688 25.4904 42.5642 -2.3011 -26.9182
-17.9949 25.1315 44.5432 0.092 -35.9727
-15.4666 23.0854 41.2571 0.0798 -30.4576
-11.2002 20.9167 36.9151 -0.0492 -21.1992
-6.6967 19.8968 34.0589 -0.0527 -12.0168
-3.8048 19.7273 32.8983 -0.075 -6.5401
0.6686 20.1935 32.2849 -0.1147 2.0918
3.4939 20.842 32.5159 -0.052 7.3887
6.2225 21.8316 33.3173 0.0646 12.5617
10.5813 24.2002 35.6093 -0.0742 22.0557
13.2095 26.2361 37.6917 -0.1232 27.9438
16.6796 30.0866 41.5263 -0.1491 36.1775
18.8101 33.201 44.4701 -0.123 41.8057
19.8789 35.1928 46.2631 -0.2763 45.1699
19.8851 34.7151 45.7414 -0.0241 44.396
19.6396 34.5645 45.615 2.2987 39.8351
17.9716 34.0988 42.808 2.7873 33.3948
18.5531 34.0048 43.0435 0.1063 40.9975
16.5601 31.0863 40.3647 0.0425 36.0377
12.6682 27.0445 36.1497 0.1592 25.9115
10.2559 25.2454 34.3348 0.0307 20.9417
6.1866 23.0053 32.2947 0.176 12.3977
3.4668 22.0354 31.5042 0.0058 7.3311
0.6158 21.3739 31.2862 -0.0516 2.0172
-4.0296 20.9053 31.9873 0.0462 -7.5102
-6.861 21.1041 33.1655 0.0059 -12.8327
-11.0854 22.0228 35.8804 0.043 -21.0577
-15.3481 24.1172 40.2037 0.206 -30.4576
-17.5989 25.9913 42.9096 -0.1811 -34.6736
-18.3078 27.338 43.7911 -1.3958 -33.9794
-17.1734 25.4198 42.5555 -2.3313 -28.6403
-15.5569 22.8074 40.8282 0.0598 -30.3576
-11.3058 20.6554 36.5083 -0.0615 -21.2791
-6.7674 19.626 33.6309 -0.0527 -12.082
-3.8963 19.4529 32.4735 -0.0635 -6.7654
0.6011 19.9054 31.8422 -0.1032 1.9313
3.4838 20.5625 32.0715 -0.0404 7.2558
6.2478 21.5599 32.8798 0.0646 12.4797
10.6329 23.9264 35.1803 -0.0741 21.9504
13.2623 25.951 37.2561 -0.1166 27.7567
16.7332 29.7582 41.0815 -0.1274 35.9311
18.9331 32.947 44.1211 -0.1229 41.7529
19.8851 34.7151 45.7414 -0.0241 44.396
20.1556 34.7202 45.6352 -0.2273 45.0968
17.5906 31.0612 43.2087 5.6042 29.7351
18.9746 34.8944 43.4934 1.9444 37.8285
18.5628 33.5715 42.5628 0.3458 40.3393
16.6482 30.819 39.9727 0.0566 35.8741
12.8024 26.8242 35.8018 0.1403 26.0653
10.3564 25.0037 33.9519 0.0245 21.0267
6.3245 22.7985 31.9019 0.1468 12.5741
3.5164 21.7864 31.077 -0.0116 7.4121
0.5331 21.0865 30.8518 -0.0344 1.8567
-4.0288 20.6413 31.5429 0.0404 -7.4057
-6.8927 20.8357 32.727 0.0059 -12.7674
-11.2291 21.775 35.5168 0.0492 -21.3098
-15.5179 23.8817 39.8898 0.2201 -30.7788
-17.6725 25.6881 42.4637 -0.1667 -34.4351
-16.7067 27.0076 40.7774 -3.8902 -26.9095
-17.6802 25.1172 42.7253 -1.7301 -30.5503
-15.6579 22.5371 40.4135 0.0464 -30.3035
-11.4171 20.402 36.1048 -0.08 -21.3823
-6.8482 19.363 33.2061 -0.0586 -12.1863
-4.0 19.1801 32.0531 -0.0462 -7.0362
0.5096 19.6182 31.398 -0.0917 1.7076
3.4661 20.2831 31.6258 -0.0231 7.0944
6.2686 21.2882 32.4407 0.0704 12.3797
10.6757 23.6533 34.7433 -0.0741 21.8088
13.3072 25.6631 36.8129 -0.1034 27.5362
16.7677 29.4179 40.6075 -0.1128 35.6117
18.8113 32.35 43.3966 0.1129 40.4577
20.1556 34.7202 45.6352 -0.2273 45.0968
20.3178 34.5331 45.3597 -0.2276 45.1699
19.4027 32.9824 44.5639 3.6026 37.8729
19.5361 35.2202 43.7172 1.3595 40.2782
18.5871 33.1913 42.0879 0.4919 39.7611
16.736 30.5576 39.5781 0.0635 35.71
12.9364 26.6066 35.4536 0.1213 26.2191
10.4587 24.7654 33.5698 0.0184 21.1193
6.4517 22.5817 31.5088 0.141 12.709
3.5658 21.5437 30.6483 -0.0347 7.4924
0.4489 20.8025 30.4167 -0.0172 1.6904
-4.0268 20.3779 31.0989 0.0404 -7.2963
-6.923 20.5707 32.2873 0.0059 -12.6966
-11.3739 21.5304 35.1545 0.0555 -21.5672
-14.4203 22.9152 38.054 0.0843 -27.8718
-17.7049 25.4023 41.9362 -0.2696 -34.0139
-18.0583 26.5337 42.2823 -1.7188 -32.4925
-18.333 24.9429 43.1339 -1.1092 -33.1892
-16.8636 23.1996 41.2474 -0.2629 -31.797
-14.2641 21.4498 38.2471 -0.1922 -26.5522
-11.529 20.1519 35.7013 -0.0985 -21.4876
-6.9295 19.1006 32.7823 -0.0586 -12.292
-4.1069 18.9139 31.6326 -0.0347 -7.319
0.4166 19.3317 30.9545 -0.0745 1.4783
3.4467 20.0072 31.1792 -0.0058 6.9267
6.2864 21.0226 31.9988 0.0704 12.2684
10.7165 23.3834 34.3043 -0.074 21.6599
13.3489 25.3807 36.3648 -0.0967 27.303
16.8009 29.0788 40.1329 -0.0912 35.2873
18.8038 31.9262 42.8533 0.2385 39.7541
20.3178 34.5331 45.3597 -0.2276 45.1699
20.4394 34.3649 44.9525 -0.462 45.0232
19.9978 33.8012 44.4662 1.5526 40.5114
19.8472 35.2941 43.5618 0.712 41.552
18.6102 32.8147 41.6148 0.6431 39.1826
16.8227 30.2963 39.1831 0.0775 35.5416
13.0733 26.3929 35.1081 0.1023 26.3855
10.5623 24.5305 33.1883 0.0123 21.2174
6.5788 22.3681 31.1154 0.1352 12.8439
3.6169 21.3046 30.2197 -0.0578 7.5791
0.3632 20.525 29.98 -0.0057 1.5186
-4.0231 20.1209 30.653 0.0347 -7.1805
-6.9522 20.3091 31.8467 0.0059 -12.6215
-11.5205 21.2892 34.7937 0.0617 -21.8321
-14.6662 22.7207 37.8099 0.1106 -28.3076
-19.7826 26.7902 44.9046 0.4086 -43.1879
-18.4439 26.2191 42.366 -1.1625 -34.0977
-18.487 24.524 42.8519 -0.7306 -33.772
-16.5853 23.3829 40.0406 -1.9319 -29.9805
-14.34 21.1944 37.7994 -0.2301 -26.3344
-11.533 19.8044 35.2337 0.0246 -21.1684
-7.0125 18.8447 32.3579 -0.0645 -12.4045
-4.2169 18.6485 31.2145 -0.0173 -7.6139
0.3221 19.049 30.5109 -0.0573 1.2434
3.4273 19.7351 30.7325 0.0115 6.759
6.3057 20.7609 31.5571 0.0703 12.1628
10.756 23.1167 33.8638 -0.0739 21.5056
13.3894 25.1019 35.915 -0.0901 27.0646
16.8345 28.7452 39.6589 -0.0699 34.9663
18.7938 31.5121 42.3076 0.3541 39.0451
20.4394 34.3649 44.9525 -0.462 45.0232
20.2466 33.5002 44.1616 0.2987 43.1963
20.338 33.8379 44.3995 1.0638 41.9873
18.8695 33.5491 41.6548 1.4518 36.3765
19.5824 33.7787 42.5769 -0.1817 43.5047
16.9093 30.0385 38.7873 0.0914 35.3732
13.2113 26.1823 34.7635 0.0833 26.5572
10.6644 24.2952 32.8066 0.0123 21.3098
6.7076 22.1579 30.7226 0.1294 12.9855
3.6695 21.0691 29.7913 -0.0809 7.6715
0.2759 20.2482 29.5439 0.0115 1.3409
-4.018 19.8676 30.2064 0.0289 -7.0596
-6.9824 20.0542 31.4051 -0.0 -12.5505
-11.6674 21.0539 34.4326 0.0618 -22.0994
-14.9104 22.528 37.5654 0.1372 -28.7383
-17.8886 25.2622 40.8911 -1.3087 -33.7038
-18.9628 26.0026 42.6976 -0.5127 -36.4263
-17.4348 23.707 40.8031 -1.3929 -29.2883
-16.6974 22.852 39.7535 -1.2614 -29.8205
-14.4138 20.9453 37.3486 -0.2744 -26.1086
-11.6161 19.5319 34.8132 0.0491 -21.161
-7.0966 18.5925 31.934 -0.0704 -12.5213
-4.3299 18.3868 30.7977 -0.0 -7.9202
0.226 18.77 30.0672 -0.0401 1.0028
3.4051 19.4664 30.2847 0.0288 6.5806
6.322 20.5024 31.1138 0.0703 12.0459
10.7941 22.8535 33.4218 -0.0738 21.3461
13.4285 24.8239 35.4651 -0.077 26.8213
16.8679 28.4164 39.1844 -0.0488 34.6453
19.818 32.5524 43.3462 -0.5776 43.6006
20.2466 33.5002 44.1616 0.2987 43.1963
19.5204 31.5691 42.8892 2.6302 38.7313
20.1376 32.9978 43.569 1.3013 40.7626
19.791 34.1741 42.4374 0.8101 40.8202
18.757 32.1167 40.8748 1.1135 38.5383
16.9947 29.7833 38.3892 0.1052 35.1998
13.3498 25.9746 34.4192 0.0641 26.7317
10.7691 24.0665 32.4252 0.0062 21.4131
7.7681 22.3722 30.7301 0.0297 15.3843
2.8958 20.5747 29.2638 0.1496 5.4626
0.1885 19.9749 29.1074 0.0287 1.1632
-4.0128 19.6179 29.7595 0.0231 -6.9381
-8.7365 20.0034 31.9513 0.1432 -16.1893
-11.8155 20.8188 34.0738 0.0682 -22.3718
-15.1559 22.3388 37.3241 0.1641 -29.177
-17.9375 25.0845 40.3564 -1.5986 -33.3602
-18.6384 25.7412 41.4546 -1.5538 -35.044
-18.5524 23.6946 41.8415 -0.5124 -34.1657
-16.7232 22.6606 39.1992 -1.5047 -29.2999
-15.4746 20.8804 38.1266 0.4034 -29.9616
-11.8075 19.4032 34.4426 -0.154 -21.58
-7.1822 18.3408 31.5114 -0.0705 -12.6438
-4.4462 18.1288 30.3823 0.0174 -8.2387
0.1283 18.4947 29.6235 -0.0229 0.7563
3.3812 19.1984 29.8375 0.0519 6.3959
6.3383 20.2475 30.67 0.0703 11.929
10.8303 22.5936 32.978 -0.0737 21.1789
13.4644 24.5488 35.0116 -0.0641 26.565
16.8998 28.0943 38.7066 -0.0347 34.3194
19.8186 32.0814 42.8194 -0.3129 42.9083
19.5204 31.5691 42.8892 2.6302 38.7313
20.1456 32.4119 43.0019 1.0498 41.1308
20.343 32.7849 43.3115 0.9672 41.7202
20.0847 34.1157 42.3152 0.3175 42.2758
18.7923 31.7561 40.4323 1.2948 38.0306
17.0793 29.5313 37.9895 0.1189 35.0234
13.4893 25.77 34.0758 0.045 26.9109
10.8743 23.8409 32.0437 -0.0 21.5184
7.7694 22.1108 30.2821 0.0297 15.23
3.5965 20.5291 28.9074 -0.0 7.1748
-0.8596 19.5355 28.7432 0.1777 -1.4096
-4.0063 19.372 29.3121 0.0173 -6.8116
-7.0385 19.5489 30.521 -0.0 -12.3921
-11.4159 20.4894 33.2316 -0.0734 -20.4554
-16.568 22.408 38.8395 1.3872 -34.7092
-18.8525 25.8681 41.0476 -2.4936 -36.2201
-18.1516 23.0484 40.6898 -0.626 -32.6478
-15.7238 20.6662 37.9016 0.4919 -30.4695
-11.9127 19.1643 34.0329 -0.1726 -21.6599
-8.974 18.316 32.0689 0.0478 -16.2837
-4.564 17.8744 29.968 0.0348 -8.5636
0.0275 18.2231 29.1797 -0.0057 0.4985
3.6406 19.0494 29.4285 -0.1098 7.2792
7.8758 20.6641 30.8519 -0.0119 15.041
10.8638 22.3368 32.5317 -0.0736 21.0013
13.4971 24.2796 34.5538 -0.0575 26.296
16.9315 27.7744 38.2299 -0.0138 33.9936
18.7568 30.3157 40.6846 0.7024 36.9251
20.1456 32.4119 43.0019 1.0498 41.1308
19.7939 31.2043 42.1257 2.1896 38.9778
18.7421 29.9353 40.1461 0.8096 36.2196
16.9636 27.46 37.7539 0.0069 33.6709
13.5285 24.0115 34.0958 -0.0446 26.0218
10.8973 22.0841 32.0853 -0.0736 20.8237
7.8748 20.4033 30.3956 -0.0059 14.845
3.6595 18.8062 28.9858 -0.1155 7.2558
-0.0748 17.9553 28.736 0.0115 0.2349
-4.6879 17.624 29.5564 0.0522 -8.9113
-8.0885 17.9138 31.0774 -0.0 -14.6366
-12.0178 18.9316 33.6219 -0.1974 -21.7396
-15.9736 20.4554 37.6799 0.5814 -30.9831
-18.0661 22.7705 39.9036 -1.1094 -32.6682
-17.8467 24.4089 39.151 -1.6584 -32.161
-16.9795 22.2835 38.9103 1.6206 -35.9307
-11.4778 20.2515 32.794 -0.0978 -20.3829
-7.0644 19.3015 30.0775 -0.0 -12.3045
-3.9965 19.1296 28.8637 0.0115 -6.673
-0.7951 19.2954 28.2938 0.1776 -1.2262
3.6204 20.2929 28.4726 -0.0058 7.1577
7.768 21.8498 29.8333 0.0356 15.0646
10.9807 23.6186 31.6629 -0.0062 21.6291
13.6316 25.5722 33.7342 0.0193 27.1032
15.7744 27.6826 35.9957 0.8027 30.2657
19.9536 33.126 41.5308 -0.244 43.2896
19.8543 33.2981 41.3767 0.2815 41.1318
19.7939 31.2043 42.1257 2.1896 38.9778
20.6239 32.2823 42.5015 -0.2367 43.4358
20.0334 32.9103 41.1522 0.1627 42.3047
15.8639 27.4388 35.6086 0.887 30.0417
13.7756 25.3749 33.3955 -0.0 27.303
11.087 23.3991 31.2816 -0.0123 21.7396
7.7661 21.5926 29.384 0.0415 14.8979
3.6444 20.0603 28.0375 -0.0116 7.1406
-0.7275 19.062 27.8432 0.1719 -1.0314
-3.9867 18.8939 28.4141 -0.0 -6.5344
-7.0917 19.0579 29.6343 -0.0 -12.2224
-11.5398 20.0145 32.3572 -0.1161 -20.3105
-17.3875 22.1677 38.9938 1.8622 -37.1556
-17.1297 23.2636 37.9132 -0.7509 -29.5524
-16.6765 22.0384 37.4489 -2.1364 -27.3871
-16.2252 20.2457 37.4641 0.6788 -31.5075
-12.1248 18.7029 33.2124 -0.2222 -21.8269
-8.0361 17.6595 30.5753 -0.0178 -14.4476
-4.8134 17.3741 29.147 0.0755 -9.2654
-0.1787 17.6913 28.2925 0.0287 -0.0344
3.6785 18.5697 28.5418 -0.1271 7.233
7.8723 20.1463 29.9384 -0.0 14.6436
10.928 21.8316 31.6376 -0.0674 20.6353
13.5566 23.7466 33.6348 -0.0318 25.7347
16.9947 27.1499 37.2767 0.0274 33.3453
20.6239 32.2823 42.5015 -0.2367 43.4358
20.5799 31.5152 41.9207 -0.1664 43.6951
18.1691 29.9227 38.1954 2.1308 33.5112
15.9538 27.2018 35.2201 0.9642 29.8202
13.9205 25.1835 33.0566 -0.0258 27.508
11.1964 23.1806 30.9038 -0.0123 21.863
7.7632 21.339 28.9337 0.0474 14.7269
3.6682 19.8311 27.6018 -0.0173 7.1229
-0.66 18.8295 27.3937 0.1719 -0.8365
-3.9754 18.6589 27.965 -0.0058 -6.3902
-7.1157 18.8177 29.1894 -0.0 -12.128
-11.5999 19.7836 31.9177 -0.1404 -20.2309
-17.7928 22.0614 39.0913 2.113 -38.3883
-17.0343 22.8892 37.2675 -0.8587 -29.8338
-16.7154 21.1967 37.223 -0.9491 -28.184
-16.4759 20.0413 37.2487 0.7705 -32.0318
-12.233 18.4778 32.8039 -0.247 -21.9193
-7.9807 17.4124 30.0709 -0.0414 -14.2474
-4.9433 17.1311 28.7392 0.093 -9.6366
-0.7484 17.3527 27.8882 0.1032 -1.4383
3.6974 18.3368 28.0974 -0.1386 7.2096
7.8665 19.8928 29.4794 0.0059 14.4294
10.9581 21.5859 31.1883 -0.0673 20.4447
13.5803 23.4846 33.1696 -0.019 25.4298
17.0251 26.8445 36.7987 0.0478 33.0178
20.5799 31.5152 41.9207 -0.1664 43.6951
18.0898 27.7085 38.1745 2.5721 32.1403
18.7156 29.3021 38.4041 0.4797 35.6967
18.495 30.1841 37.8278 0.4797 35.6967
15.6771 26.6136 34.5009 1.4404 27.975
14.1418 25.0442 32.795 -0.0909 28.0461
11.3492 22.9858 30.5593 -0.0309 22.1663
7.7627 21.1047 28.4789 0.0237 14.5657
3.6574 19.6033 27.1566 -0.0231 6.9729
-0.6744 18.5771 26.9547 0.2177 -0.9511
-3.9032 18.4305 27.4999 -0.023 -6.0156
-7.1048 18.577 28.7286 -0.0 -11.8999
-11.6598 19.5771 31.4706 -0.2075 -20.1509
-17.7967 22.0009 38.354 1.3117 -37.7488
-16.6724 22.2455 36.3556 -0.69 -29.314
-16.6444 20.4651 36.7255 -0.2618 -28.9202
-16.8783 19.8521 37.2761 1.0685 -33.2181
-12.3691 18.2908 32.4104 -0.3278 -22.1223
-7.6953 17.1634 29.4341 -0.1061 -13.5804
-5.2281 16.8885 28.3975 0.1457 -10.5907
-0.7493 17.1078 27.4402 0.1318 -1.5358
3.698 18.1186 27.6441 -0.1732 7.1172
7.9021 19.6706 29.0355 -0.0296 14.3766
10.8961 21.3216 30.6674 -0.067 19.8828
13.4865 23.1797 32.5921 0.0063 24.6327
