X Y Z i j k
49.9000, 43.2890, 25.5384, 0.0071, -0.5141, 0.8577
48.6726, 40.9029, 23.9046, 0.0022, -0.6175, 0.7865
49.2643, 40.9133, 23.9128, 0.0083, -0.6050, 0.7962
48.6828, 40.8733, 23.8814, 0.0019, -0.6184, 0.7858
48.1589, 39.9497, 23.1578, -0.0118, -0.6493, 0.7604
51.8413, 38.7501, 22.1570, 0.0104, -0.6423, 0.7664
54.3025, 43.4049, 25.6078, -0.0042, -0.5258, 0.8506
49.9000, 43.2890, 25.5384, 0.0071, -0.5141, 0.8577
49.9662, 43.4226, 25.6191, 0.0067, -0.5094, 0.8605
53.0068, 49.9258, 28.5874, 0.0039, -0.3026, 0.9531
57.4245, 50.0891, 28.6383, -0.0069, -0.3074, 0.9516
54.3940, 43.5888, 25.7200, -0.0051, -0.5210, 0.8536
49.9662, 43.4226, 25.6191, 0.0067, -0.5094, 0.8605
66.9486, 80.2803, 21.2015, 0.0032, 0.7078, 0.7064
71.3794, 80.4230, 21.0589, -0.0105, 0.7064, 0.7078
71.8413, 81.2023, 20.2952, -0.0105, 0.7489, 0.6626
68.1589, 82.2031, 19.0956, -0.0110, 0.7597, 0.6502
66.9486, 80.2803, 21.2015, 0.0032, 0.7078, 0.7064
66.8514, 80.1177, 21.3626, 0.0041, 0.7043, 0.7099
71.2598, 80.2229, 21.2574, -0.0104, 0.6900, 0.7237
68.2344, 74.6248, 25.6458, -0.0020, 0.5201, 0.8541
67.3791, 75.1198, 25.3128, -0.0000, 0.5390, 0.8423
68.1304, 74.4146, 25.7717, -0.0030, 0.5119, 0.8591
65.0939, 67.8914, 28.6734, -0.0005, 0.3008, 0.9537
64.5415, 68.1943, 28.5632, 0.0004, 0.3116, 0.9502
65.0062, 67.6940, 28.7341, -0.0012, 0.2936, 0.9559
64.4128, 66.3560, 29.1501, -0.0062, 0.2385, 0.9711
62.0312, 60.8059, 29.9544, -0.0148, 0.0566, 0.9983
61.2776, 60.7092, 29.9603, -0.0091, 0.0596, 0.9982
61.8771, 60.4435, 29.9763, -0.0104, 0.0545, 0.9985
60.7134, 57.7017, 29.9796, -0.0197, -0.0504, 0.9985
58.6720, 59.2523, 29.9793, 0.0064, 0.0142, 0.9999
60.5814, 57.3911, 29.9609, 0.0046, -0.0551, 0.9985
57.5355, 50.3384, 28.7170, -0.0077, -0.3002, 0.9538
56.1588, 51.3881, 28.9845, -0.0013, -0.2534, 0.9674
57.2245, 50.3472, 28.7199, -0.0058, -0.2976, 0.9547
53.1195, 50.1790, 28.6676, 0.0026, -0.2969, 0.9549
56.1472, 57.1818, 29.9482, -0.0042, -0.0820, 0.9966
56.8879, 56.7509, 29.9003, -0.0075, -0.1013, 0.9948
56.2475, 57.4176, 29.9634, -0.0048, -0.0758, 0.9971
59.2878, 64.5504, 29.4969, -0.0013, 0.1656, 0.9862
63.6275, 64.9013, 29.4326, -0.0061, 0.1769, 0.9842
59.3842, 64.7740, 29.4563, -0.0035, 0.1679, 0.9858
62.4617, 71.6582, 27.2284, -0.0049, 0.4035, 0.9150
62.8940, 71.6193, 27.2459, -0.0031, 0.4068, 0.9135
62.5131, 71.7685, 27.1785, -0.0034, 0.4097, 0.9122
63.7202, 74.2836, 25.8509, 0.0037, 0.5107, 0.8598
65.4816, 73.0360, 26.5135, -0.0025, 0.4725, 0.8813
63.8121, 74.4691, 25.7396, 0.0040, 0.5167, 0.8562
66.8514, 80.1177, 21.3626, 0.0041, 0.7043, 0.7099
66.8950, 80.9569, 22.1054, 0.0057, 0.7057, 0.7085
68.1510, 83.0357, 19.8468, -0.0108, 0.7594, 0.6505
71.8492, 82.0659, 21.0184, -0.0118, 0.7463, 0.6655
68.8260, 76.4788, 25.8476, -0.0118, 0.5467, 0.8372
66.2146, 70.7923, 28.8448, 0.0069, 0.3863, 0.9223
64.3273, 66.4073, 30.2803, -0.0067, 0.2288, 0.9735
61.2805, 59.0695, 31.1801, -0.0354, -0.0404, 0.9986
59.3941, 54.4694, 30.8181, -0.0124, -0.1713, 0.9851
56.7835, 48.2477, 29.2184, -0.0053, -0.3486, 0.9373
54.9927, 44.2873, 27.4651, -0.0102, -0.4851, 0.8744
51.8492, 38.0269, 23.0206, 0.0103, -0.6420, 0.7666
48.1510, 39.1985, 23.9904, -0.0124, -0.6505, 0.7594
50.5449, 44.0216, 27.2959, 0.0036, -0.4897, 0.8719
52.4323, 48.2134, 29.2255, 0.0092, -0.3405, 0.9402
54.3186, 52.6538, 30.4717, 0.0070, -0.1967, 0.9804
56.8330, 58.7547, 31.1907, 0.0127, 0.0025, 0.9999
59.9770, 66.3866, 30.3132, 0.0096, 0.2401, 0.9707
61.8633, 70.7656, 28.8568, 0.0075, 0.3825, 0.9239
64.3783, 76.2060, 26.0042, 0.0056, 0.5489, 0.8359
66.8950, 80.9569, 22.1054, 0.0057, 0.7057, 0.7085
66.8866, 81.7500, 22.9775, 0.0076, 0.7052, 0.7090
68.1427, 83.9121, 20.6375, -0.0101, 0.7579, 0.6523
71.8576, 82.9751, 21.7797, -0.0132, 0.7437, 0.6683
68.8343, 77.1816, 26.7991, -0.0104, 0.5505, 0.8348
66.1232, 71.0249, 30.0314, -0.0014, 0.3731, 0.9278
64.2372, 66.4614, 31.4700, -0.0072, 0.2202, 0.9754
61.2888, 59.1208, 32.3567, -0.0266, -0.0299, 0.9992
59.4025, 54.3446, 32.0065, -0.0117, -0.1669, 0.9859
56.6931, 47.6255, 30.2396, -0.0066, -0.3592, 0.9332
55.0010, 43.7729, 28.5294, -0.0091, -0.4813, 0.8765
51.8576, 37.2656, 23.9298, 0.0062, -0.6415, 0.7671
48.1427, 38.4078, 24.8668, -0.0090, -0.6468, 0.7626
50.5367, 43.4110, 28.3012, 0.0040, -0.4931, 0.8700
52.4240, 47.7552, 30.3161, 0.0081, -0.3486, 0.9372
54.3103, 52.3622, 31.6154, 0.0078, -0.2016, 0.9794
56.8246, 58.6929, 32.3757, 0.0107, -0.0070, 0.9999
59.9686, 66.6158, 31.4751, 0.0078, 0.2307, 0.9730
61.8550, 71.1628, 29.9693, 0.0075, 0.3767, 0.9263
64.3700, 76.8112, 27.0128, 0.0056, 0.5444, 0.8388
66.8866, 81.7500, 22.9775, 0.0076, 0.7052, 0.7090
66.8783, 82.5431, 23.8497, 0.0093, 0.7048, 0.7093
68.1344, 84.7885, 21.4282, -0.0097, 0.7571, 0.6532
71.8659, 83.8842, 22.5410, -0.0145, 0.7412, 0.6711
68.8426, 77.8843, 27.7507, -0.0091, 0.5538, 0.8326
66.0318, 71.2575, 31.2180, -0.0030, 0.3639, 0.9314
63.8119, 65.7394, 32.8105, -0.0078, 0.1870, 0.9823
61.2971, 59.1721, 33.5333, -0.0197, -0.0218, 0.9996
59.4109, 54.2199, 33.1949, -0.0111, -0.1630, 0.9866
56.6027, 47.0033, 31.2608, -0.0076, -0.3685, 0.9296
53.7508, 40.4300, 27.8685, -0.0036, -0.5520, 0.8339
51.8659, 36.5044, 24.8389, 0.0041, -0.6412, 0.7674
48.1344, 37.6171, 25.7431, -0.0076, -0.6456, 0.7637
50.5284, 42.8003, 29.3065, 0.0043, -0.4961, 0.8683
52.4156, 47.2969, 31.4066, 0.0071, -0.3557, 0.9346
54.3020, 52.0706, 32.7591, 0.0085, -0.2058, 0.9786
56.8163, 58.6311, 33.5607, 0.0089, -0.0153, 0.9998
59.9603, 66.8451, 32.6371, 0.0063, 0.2225, 0.9749
61.8467, 71.5600, 31.0819, 0.0075, 0.3716, 0.9284
64.3618, 77.4164, 28.0213, 0.0055, 0.5404, 0.8414
66.8783, 82.5431, 23.8497, 0.0093, 0.7048, 0.7093
66.8700, 83.3362, 24.7218, 0.0108, 0.7044, 0.7097
68.1261, 85.6648, 22.2189, -0.0083, 0.7595, 0.6504
71.8743, 84.7933, 23.3022, -0.0195, 0.7337, 0.6792
68.8509, 78.5871, 28.7022, -0.0080, 0.5567, 0.8307
65.9404, 71.4901, 32.4046, -0.0044, 0.3558, 0.9345
63.8202, 66.0211, 33.9560, -0.0081, 0.1897, 0.9818
61.3054, 59.2234, 34.7098, -0.0011, 0.0175, 0.9998
59.4193, 54.0952, 34.3834, -0.0105, -0.1595, 0.9871
56.5122, 46.3811, 32.2820, -0.0086, -0.3766, 0.9263
53.7591, 39.8155, 28.8730, -0.0035, -0.5504, 0.8349
51.8743, 35.7431, 25.7480, -0.0012, -0.6421, 0.7666
48.1261, 36.8264, 26.6195, -0.0045, -0.6426, 0.7661
50.5202, 42.1896, 30.3118, 0.0046, -0.4987, 0.8668
52.4073, 46.8387, 32.4972, 0.0062, -0.3619, 0.9322
54.2937, 51.7790, 33.9028, 0.0091, -0.2095, 0.9778
56.8080, 58.5693, 34.7457, 0.0073, -0.0227, 0.9997
59.9520, 67.0743, 33.7990, 0.0049, 0.2153, 0.9765
61.8384, 71.9572, 32.1944, 0.0075, 0.3671, 0.9302
64.3535, 78.0216, 29.0299, 0.0054, 0.5369, 0.8436
66.8700, 83.3362, 24.7218, 0.0108, 0.7044, 0.7097
66.8617, 84.1293, 25.5940, 0.0121, 0.7041, 0.7100
68.1178, 86.5412, 23.0096, -0.0085, 0.7531, 0.6579
71.8826, 85.7025, 24.0635, -0.0171, 0.7363, 0.6764
68.8592, 79.2899, 29.6537, -0.0071, 0.5593, 0.8290
65.8490, 71.7227, 33.5912, -0.0056, 0.3486, 0.9373
63.8285, 66.3028, 35.1015, -0.0084, 0.1922, 0.9813
61.3137, 59.2747, 35.8864, -0.0028, 0.0080, 1.0000
59.4277, 53.9705, 35.5718, -0.0100, -0.1565, 0.9876
56.4218, 45.7589, 33.3032, -0.0094, -0.3838, 0.9234
53.7674, 39.2011, 29.8775, -0.0034, -0.5490, 0.8358
51.8826, 34.9818, 26.6571, -0.0004, -0.6381, 0.7700
48.1178, 36.0357, 27.4959, -0.0049, -0.6431, 0.7658
50.5119, 41.5790, 31.3171, 0.0049, -0.5010, 0.8654
52.3990, 46.3804, 33.5877, 0.0055, -0.3674, 0.9300
54.2854, 51.4874, 35.0465, 0.0096, -0.2127, 0.9771
56.7996, 58.5075, 35.9307, 0.0060, -0.0291, 0.9996
59.9436, 67.3036, 34.9609, 0.0037, 0.2089, 0.9779
61.8301, 72.3545, 33.3069, 0.0075, 0.3631, 0.9317
64.3452, 78.6268, 30.0384, 0.0054, 0.5338, 0.8456
66.8617, 84.1293, 25.5940, 0.0121, 0.7041, 0.7100
66.8534, 84.9225, 26.4661, 0.0132, 0.7038, 0.7102
68.1095, 87.4176, 23.8003, -0.0084, 0.7541, 0.6568
71.8910, 86.6116, 24.8248, -0.0184, 0.7339, 0.6790
68.8675, 79.9926, 30.6052, -0.0062, 0.5616, 0.8274
65.7575, 71.9553, 34.7778, -0.0072, 0.3414, 0.9399
62.6129, 63.0634, 36.8923, -0.0076, 0.0952, 0.9954
61.3219, 59.3261, 37.0629, -0.0044, -0.0010, 1.0000
59.4361, 53.8458, 36.7602, -0.0095, -0.1538, 0.9881
56.9208, 46.7603, 34.9395, -0.0006, -0.3172, 0.9484
55.0343, 41.7152, 32.7868, -0.0059, -0.4702, 0.8826
51.8910, 34.2205, 27.5663, -0.0017, -0.6395, 0.7688
48.1095, 35.2450, 28.3723, -0.0036, -0.6419, 0.7668
50.5037, 40.9683, 32.3224, 0.0052, -0.5031, 0.8642
52.3906, 45.9222, 34.6783, 0.0048, -0.3723, 0.9281
54.2771, 51.1958, 36.1902, 0.0101, -0.2157, 0.9764
56.7913, 58.4456, 37.1157, 0.0047, -0.0349, 0.9994
59.9353, 67.5328, 36.1228, 0.0026, 0.2032, 0.9791
61.8218, 72.7517, 34.4194, 0.0075, 0.3595, 0.9331
64.3369, 79.2321, 31.0470, 0.0053, 0.5310, 0.8474
66.8534, 84.9225, 26.4661, 0.0132, 0.7038, 0.7102
66.8471, 85.7182, 27.3357, 0.0132, 0.7039, 0.7102
68.1032, 88.2963, 24.5880, -0.0080, 0.7537, 0.6571
71.8970, 87.5143, 25.5861, -0.0184, 0.7333, 0.6796
68.8736, 80.6903, 31.5567, -0.0056, 0.5625, 0.8268
65.7294, 72.3253, 35.9025, -0.0066, 0.3403, 0.9403
62.5859, 63.1498, 38.0736, -0.0075, 0.0931, 0.9956
61.3281, 59.3735, 38.2397, -0.0046, -0.0027, 1.0000
59.4421, 53.7180, 37.9374, -0.0088, -0.1525, 0.9883
56.8667, 46.2029, 35.9992, 0.0012, -0.3172, 0.9483
55.0404, 41.1983, 33.8471, -0.0054, -0.4692, 0.8830
51.8970, 33.4592, 28.4690, -0.0017, -0.6388, 0.7694
48.1032, 34.4573, 29.2510, -0.0027, -0.6415, 0.7671
50.4975, 40.3604, 33.3302, 0.0050, -0.5037, 0.8639
52.3846, 45.4678, 35.7701, 0.0042, -0.3741, 0.9274
54.2709, 50.9079, 37.3345, 0.0097, -0.2173, 0.9760
56.7853, 58.3887, 38.2870, 0.0043, -0.0359, 0.9993
59.9293, 67.7661, 37.2835, 0.0024, 0.2028, 0.9792
61.8156, 73.1524, 35.5303, 0.0071, 0.3579, 0.9337
64.3307, 79.8409, 32.0543, 0.0050, 0.5301, 0.8479
66.8471, 85.7182, 27.3357, 0.0132, 0.7039, 0.7102
66.8423, 86.5157, 28.2034, 0.0124, 0.7041, 0.7100
68.0984, 89.1766, 25.3738, -0.0073, 0.7526, 0.6585
71.9018, 88.4137, 26.3474, -0.0178, 0.7338, 0.6792
68.8784, 81.3852, 32.5081, -0.0050, 0.5627, 0.8267
66.9913, 76.3141, 35.3986, -0.0067, 0.4289, 0.9033
64.4767, 69.0384, 38.1204, -0.0030, 0.2562, 0.9666
62.5907, 63.3109, 39.2412, -0.0068, 0.0944, 0.9955
61.3329, 59.4186, 39.4167, -0.0041, -0.0003, 1.0000
59.4469, 53.5887, 39.1092, -0.0080, -0.1517, 0.9884
56.7712, 45.5084, 37.0161, -0.0019, -0.3358, 0.9419
54.8841, 40.1902, 34.6132, -0.0054, -0.4812, 0.8766
51.9018, 32.6979, 29.3684, -0.0010, -0.6369, 0.7710
48.0984, 33.6716, 30.1313, -0.0020, -0.6416, 0.7670
50.4927, 39.7544, 34.3399, 0.0045, -0.5034, 0.8640
52.3797, 45.0155, 36.8625, 0.0037, -0.3744, 0.9273
54.2660, 50.6225, 38.4793, 0.0087, -0.2184, 0.9758
56.7806, 58.3342, 39.4517, 0.0042, -0.0347, 0.9994
59.9245, 68.0013, 38.4436, 0.0026, 0.2049, 0.9788
61.8108, 73.5554, 36.6402, 0.0064, 0.3573, 0.9340
64.3259, 80.4521, 33.0607, 0.0046, 0.5303, 0.8478
66.8423, 86.5157, 28.2034, 0.0124, 0.7041, 0.7100
66.8374, 87.3133, 29.0711, 0.0116, 0.7044, 0.7097
68.0936, 90.0568, 26.1595, -0.0067, 0.7514, 0.6599
71.9066, 89.3131, 27.1088, -0.0172, 0.7342, 0.6788
68.8832, 82.0801, 33.4595, -0.0045, 0.5629, 0.8265
66.9961, 76.8617, 36.4434, -0.0062, 0.4295, 0.9031
64.4815, 69.3697, 39.2505, -0.0026, 0.2565, 0.9665
62.5955, 63.4719, 40.4088, -0.0061, 0.0957, 0.9954
61.3377, 59.4636, 40.5936, -0.0036, 0.0022, 1.0000
59.4517, 53.4595, 40.2810, -0.0071, -0.1510, 0.9885
56.6758, 44.8139, 38.0331, -0.0028, -0.3480, 0.9375
54.7910, 39.3742, 35.4938, -0.0053, -0.4883, 0.8726
51.9066, 31.9365, 30.2678, -0.0003, -0.6350, 0.7725
48.0936, 32.8858, 31.0115, -0.0013, -0.6417, 0.7670
50.4879, 39.1484, 35.3495, 0.0041, -0.5032, 0.8642
52.3749, 44.5633, 37.9549, 0.0033, -0.3746, 0.9272
54.2612, 50.3371, 39.6242, 0.0077, -0.2194, 0.9756
56.7758, 58.2797, 40.6164, 0.0041, -0.0336, 0.9994
59.9196, 68.2366, 39.6036, 0.0028, 0.2070, 0.9783
61.8060, 73.9584, 37.7501, 0.0056, 0.3567, 0.9342
64.3211, 81.0634, 34.0672, 0.0041, 0.5305, 0.8477
66.8374, 87.3133, 29.0711, 0.0116, 0.7044, 0.7097
66.8326, 88.1108, 29.9388, 0.0108, 0.7047, 0.7095
68.0888, 90.9371, 26.9452, -0.0093, 0.7525, 0.6585
71.9115, 90.2125, 27.8701, -0.0163, 0.7326, 0.6805
68.8880, 82.7751, 34.4110, -0.0040, 0.5631, 0.8264
67.0009, 77.4093, 37.4883, -0.0057, 0.4300, 0.9028
64.4863, 69.7011, 40.3806, -0.0022, 0.2568, 0.9665
62.6003, 63.6329, 41.5764, -0.0054, 0.0969, 0.9953
61.3425, 59.5087, 41.7706, -0.0030, 0.0046, 1.0000
59.4565, 53.3302, 41.4529, -0.0063, -0.1502, 0.9886
56.5803, 44.1194, 39.0500, -0.0037, -0.3601, 0.9329
53.7964, 36.1097, 34.8884, -0.0001, -0.5399, 0.8418
51.9115, 31.1752, 31.1672, 0.0083, -0.6401, 0.7682
48.0888, 32.1001, 31.8918, -0.0006, -0.6418, 0.7669
50.4831, 38.5425, 36.3591, 0.0036, -0.5030, 0.8643
52.3700, 44.1111, 39.0474, 0.0028, -0.3749, 0.9271
55.5136, 54.1089, 41.5000, 0.0035, -0.1344, 0.9909
57.4000, 60.2885, 41.7234, 0.0092, 0.0326, 0.9994
59.9148, 68.4719, 40.7636, 0.0029, 0.2091, 0.9779
61.8011, 74.3613, 38.8600, 0.0049, 0.3562, 0.9344
64.3163, 81.6746, 35.0736, 0.0036, 0.5308, 0.8475
66.8326, 88.1108, 29.9388, 0.0108, 0.7047, 0.7095
66.8277, 88.9083, 30.8065, 0.0100, 0.7049, 0.7092
68.0840, 91.8174, 27.7310, -0.0053, 0.7490, 0.6626
71.9163, 91.1119, 28.6314, -0.0158, 0.7337, 0.6793
68.8928, 83.4700, 35.3624, -0.0035, 0.5634, 0.8262
67.0057, 77.9569, 38.5331, -0.0052, 0.4306, 0.9025
64.4911, 70.0324, 41.5107, -0.0018, 0.2571, 0.9664
62.6051, 63.7939, 42.7440, -0.0047, 0.0982, 0.9952
61.3473, 59.5538, 42.9475, -0.0025, 0.0071, 1.0000
59.4613, 53.2009, 42.6247, -0.0054, -0.1494, 0.9888
56.4848, 43.4249, 40.0669, -0.0046, -0.3721, 0.9282
53.8013, 35.4899, 35.8897, 0.0007, -0.5378, 0.8431
51.9163, 30.4139, 32.0666, 0.0011, -0.6313, 0.7756
48.0840, 31.3143, 32.7721, 0.0014, -0.6439, 0.7651
50.4783, 37.9365, 37.3687, 0.0031, -0.5027, 0.8644
52.3652, 43.6588, 40.1398, 0.0023, -0.3752, 0.9270
55.5087, 53.9374, 42.6693, 0.0029, -0.1348, 0.9909
57.3952, 60.2915, 42.9029, 0.0075, 0.0296, 0.9995
59.9099, 68.7072, 41.9237, 0.0031, 0.2112, 0.9774
61.7963, 74.7643, 39.9699, 0.0042, 0.3556, 0.9346
64.3115, 82.2858, 36.0801, 0.0031, 0.5310, 0.8474
66.8277, 88.9083, 30.8065, 0.0100, 0.7049, 0.7092
66.8229, 89.7059, 31.6742, 0.0092, 0.7052, 0.7089
68.0792, 92.6976, 28.5167, -0.0047, 0.7478, 0.6639
71.9211, 92.0113, 29.3927, -0.0147, 0.7361, 0.6767
68.8976, 84.1649, 36.3138, -0.0029, 0.5636, 0.8261
67.0106, 78.5044, 39.5779, -0.0047, 0.4311, 0.9023
64.4959, 70.3637, 42.6409, -0.0013, 0.2574, 0.9663
62.6099, 63.9549, 43.9117, -0.0040, 0.0995, 0.9950
61.3521, 59.5989, 44.1244, -0.0019, 0.0095, 1.0000
59.4662, 53.0717, 43.7966, -0.0046, -0.1487, 0.9889
56.3893, 42.7304, 41.0839, -0.0068, -0.3892, 0.9211
53.8061, 34.8701, 36.8910, 0.0016, -0.5357, 0.8444
51.9211, 29.6526, 32.9660, 0.0018, -0.6294, 0.7771
48.0792, 30.5286, 33.6523, -0.0009, -0.6421, 0.7667
50.4735, 37.3305, 38.3783, 0.0027, -0.5025, 0.8646
52.3604, 43.2066, 41.2323, 0.0018, -0.3754, 0.9268
55.5039, 53.7660, 43.8386, 0.0024, -0.1352, 0.9908
57.3904, 60.2946, 44.0824, 0.0058, 0.0265, 0.9996
59.9051, 68.9425, 43.0837, 0.0033, 0.2134, 0.9770
61.7915, 75.1673, 41.0799, 0.0035, 0.3550, 0.9348
64.3067, 82.8971, 37.0865, 0.0027, 0.5312, 0.8472
66.8229, 89.7059, 31.6742, 0.0092, 0.7052, 0.7089
66.8186, 90.5043, 32.5411, 0.0084, 0.7055, 0.7087
68.0747, 93.5784, 29.3019, -0.0046, 0.7469, 0.6649
71.9255, 92.9102, 30.1548, -0.0145, 0.7348, 0.6781
68.9017, 84.8586, 37.2662, -0.0024, 0.5638, 0.8259
67.0149, 79.0509, 40.6233, -0.0041, 0.4317, 0.9020
64.4879, 70.6377, 43.7850, -0.0010, 0.2561, 0.9666
62.6140, 64.1144, 45.0796, -0.0033, 0.1007, 0.9949
61.3563, 59.6426, 45.3015, -0.0014, 0.0119, 0.9999
59.4702, 52.9407, 44.9683, -0.0037, -0.1479, 0.9890
56.3268, 42.1291, 42.1299, -0.0059, -0.3919, 0.9200
53.7985, 34.2012, 37.8626, 0.0022, -0.5355, 0.8445
51.9255, 28.8905, 33.8648, 0.0023, -0.6284, 0.7779
48.0747, 29.7375, 34.5398, 0.0031, -0.6396, 0.7687
50.4693, 36.7255, 39.3886, 0.0022, -0.5022, 0.8647
52.3562, 42.7559, 42.3252, 0.0013, -0.3757, 0.9268
55.4997, 53.5961, 45.0080, 0.0018, -0.1355, 0.9908
57.3861, 60.2989, 45.2618, 0.0041, 0.0235, 0.9997
59.9010, 69.1786, 44.2393, 0.0034, 0.2155, 0.9765
61.7873, 75.5715, 42.1892, 0.0027, 0.3545, 0.9351
63.0445, 79.6773, 40.4089, 0.0008, 0.4364, 0.8997
64.3024, 83.5094, 38.0923, 0.0022, 0.5314, 0.8471
66.8186, 90.5043, 32.5411, 0.0084, 0.7055, 0.7087
66.8160, 91.3056, 33.4051, 0.0083, 0.7055, 0.7087
68.0713, 94.4606, 30.0851, -0.0061, 0.7470, 0.6648
71.9288, 93.8076, 30.9186, -0.0133, 0.7319, 0.6813
68.9042, 85.5494, 38.2209, -0.0024, 0.5646, 0.8254
67.0174, 79.5936, 41.6703, -0.0043, 0.4315, 0.9021
65.7602, 75.4090, 43.5536, -0.0028, 0.3437, 0.9391
64.4411, 70.7380, 44.9717, -0.0004, 0.2537, 0.9673
62.6166, 64.2701, 46.2481, -0.0033, 0.1015, 0.9948
61.3588, 59.6824, 46.4787, -0.0014, 0.0122, 0.9999
59.4728, 52.8061, 46.1399, -0.0038, -0.1469, 0.9891
56.3293, 41.7122, 43.2333, -0.0057, -0.3902, 0.9207
53.7511, 33.3757, 38.7395, 0.0034, -0.5350, 0.8448
51.9288, 28.1267, 34.7623, 0.0023, -0.6298, 0.7768
48.0712, 28.9296, 35.4499, 0.0108, -0.6292, 0.7772
50.4668, 36.1241, 40.4010, 0.0021, -0.5025, 0.8646
52.3537, 42.3088, 43.4192, 0.0014, -0.3753, 0.9269
55.4972, 53.4300, 46.1776, 0.0019, -0.1352, 0.9908
57.3836, 60.3072, 46.4409, 0.0042, 0.0241, 0.9997
59.8985, 69.4165, 45.3858, 0.0033, 0.2150, 0.9766
61.7848, 75.9793, 43.2969, 0.0028, 0.3547, 0.9350
63.0420, 80.1933, 41.4729, 0.0008, 0.4368, 0.8996
64.2999, 84.1251, 39.0960, 0.0021, 0.5312, 0.8473
66.8160, 91.3056, 33.4051, 0.0083, 0.7055, 0.7087
66.8135, 92.1069, 34.2690, 0.0081, 0.7055, 0.7086
68.0680, 95.3429, 30.8683, -0.0076, 0.7472, 0.6646
71.9321, 94.7050, 31.6825, -0.0121, 0.7289, 0.6845
70.1649, 89.9589, 36.2873, -0.0058, 0.6328, 0.7743
68.9067, 86.2401, 39.1756, -0.0023, 0.5653, 0.8249
67.0199, 80.1363, 42.7173, -0.0043, 0.4314, 0.9022
65.7627, 75.8455, 44.6484, -0.0027, 0.3445, 0.9388
64.3942, 70.8383, 46.1583, -0.0014, 0.2484, 0.9687
62.6191, 64.4259, 47.4167, -0.0031, 0.1025, 0.9947
61.3614, 59.7221, 47.6560, -0.0013, 0.0130, 0.9999
59.4753, 52.6715, 47.3114, -0.0036, -0.1459, 0.9893
56.3318, 41.2952, 44.3367, -0.0053, -0.3889, 0.9213
53.7037, 32.5502, 39.6164, 0.0011, -0.5456, 0.8380
51.9321, 27.3628, 35.6597, 0.0023, -0.6311, 0.7757
48.0678, 28.1217, 36.3600, 0.0184, -0.6186, 0.7855
50.4643, 35.5227, 41.4133, 0.0019, -0.5026, 0.8645
52.3512, 41.8616, 44.5132, 0.0013, -0.3751, 0.9270
55.4947, 53.2640, 47.3472, 0.0018, -0.1350, 0.9908
57.3811, 60.3156, 47.6201, 0.0041, 0.0240, 0.9997
59.8960, 69.6545, 46.5323, 0.0032, 0.2152, 0.9766
61.7822, 76.3872, 44.4046, 0.0026, 0.3548, 0.9349
63.0395, 80.7093, 42.5370, 0.0008, 0.4371, 0.8994
64.2974, 84.7409, 40.0997, 0.0019, 0.5310, 0.8474
66.8135, 92.1069, 34.2690, 0.0081, 0.7055, 0.7086
66.8110, 92.9082, 35.1330, 0.0079, 0.7056, 0.7086
68.0647, 96.2252, 31.6515, -0.0092, 0.7473, 0.6645
71.9354, 95.6023, 32.4465, -0.0108, 0.7259, 0.6878
70.1674, 90.7471, 37.1768, -0.0056, 0.6336, 0.7737
68.9092, 86.9308, 40.1303, -0.0021, 0.5660, 0.8244
67.0224, 80.6791, 43.7643, -0.0043, 0.4313, 0.9022
65.7652, 76.2821, 45.7432, -0.0025, 0.3453, 0.9385
64.3474, 70.9386, 47.3450, -0.0015, 0.2443, 0.9697
62.6216, 64.5817, 48.5853, -0.0030, 0.1034, 0.9946
61.3639, 59.7619, 48.8333, -0.0012, 0.0137, 0.9999
59.4778, 52.5370, 48.4829, -0.0034, -0.1450, 0.9894
56.3343, 40.8782, 45.4402, -0.0050, -0.3876, 0.9218
53.6564, 31.7247, 40.4933, 0.0006, -0.5508, 0.8347
51.9354, 26.5989, 36.5570, 0.0023, -0.6325, 0.7746
48.0645, 27.3167, 37.2672, 0.0261, -0.6080, 0.7935
50.4618, 34.9212, 42.4257, 0.0018, -0.5028, 0.8644
52.3486, 41.4145, 45.6073, 0.0013, -0.3749, 0.9271
55.4922, 53.0979, 48.5168, 0.0017, -0.1349, 0.9909
57.3786, 60.3240, 48.7993, 0.0039, 0.0239, 0.9997
59.8935, 69.8924, 47.6788, 0.0031, 0.2153, 0.9765
61.7797, 76.7950, 45.5124, 0.0025, 0.3549, 0.9349
63.0370, 81.2253, 43.6010, 0.0008, 0.4373, 0.8993
64.2949, 85.3567, 41.1034, 0.0017, 0.5308, 0.8475
66.8110, 92.9082, 35.1330, 0.0079, 0.7056, 0.7086
66.8084, 93.7095, 35.9969, 0.0077, 0.7057, 0.7085
68.0624, 97.1090, 32.4327, -0.0087, 0.7471, 0.6646
71.9377, 96.4982, 33.2123, -0.0110, 0.7267, 0.6869
70.1699, 91.5353, 38.0664, -0.0054, 0.6343, 0.7730
68.9117, 87.6216, 41.0850, -0.0020, 0.5666, 0.8240
67.0249, 81.2218, 44.8113, -0.0043, 0.4312, 0.9022
65.7677, 76.7187, 46.8380, -0.0024, 0.3461, 0.9382
64.3006, 71.0389, 48.5317, -0.0017, 0.2402, 0.9707
62.6241, 64.7375, 49.7539, -0.0028, 0.1043, 0.9945
61.3664, 59.8017, 50.0105, -0.0011, 0.0144, 0.9999
59.4803, 52.4024, 49.6544, -0.0032, -0.1440, 0.9896
56.3368, 40.4613, 46.5436, -0.0047, -0.3863, 0.9224
53.6090, 30.8992, 41.3703, 0.0001, -0.5559, 0.8313
51.9377, 25.8330, 37.4529, 0.0030, -0.6330, 0.7741
48.0621, 26.5354, 38.1511, 0.0259, -0.6085, 0.7931
50.4593, 34.3198, 43.4381, 0.0016, -0.5030, 0.8643
52.3461, 40.9674, 46.7013, 0.0012, -0.3747, 0.9271
54.2324, 48.0760, 48.7868, 0.0033, -0.2232, 0.9748
55.4897, 52.9318, 49.6865, 0.0016, -0.1347, 0.9909
57.3761, 60.3323, 49.9784, 0.0037, 0.0238, 0.9997
59.8910, 70.1303, 48.8253, 0.0030, 0.2155, 0.9765
61.7772, 77.2028, 46.6201, 0.0024, 0.3550, 0.9349
63.0344, 81.7413, 44.6650, 0.0007, 0.4376, 0.8992
64.2924, 85.9725, 42.1071, 0.0016, 0.5307, 0.8476
66.8084, 93.7095, 35.9969, 0.0077, 0.7057, 0.7085
66.8059, 94.5108, 36.8609, 0.0074, 0.7057, 0.7084
68.0600, 97.9928, 33.2138, -0.0082, 0.7470, 0.6647
71.9401, 97.3940, 33.9782, -0.0109, 0.7311, 0.6822
70.1724, 92.3235, 38.9559, -0.0052, 0.6351, 0.7724
68.9142, 88.3123, 42.0397, -0.0019, 0.5673, 0.8235
67.0275, 81.7645, 45.8583, -0.0043, 0.4311, 0.9023
65.7702, 77.1553, 47.9328, -0.0022, 0.3470, 0.9379
64.2537, 71.1392, 49.7184, -0.0018, 0.2361, 0.9717
62.6266, 64.8933, 50.9224, -0.0026, 0.1052, 0.9944
61.3689, 59.8414, 51.1878, -0.0010, 0.0151, 0.9999
59.4828, 52.2678, 50.8260, -0.0030, -0.1430, 0.9897
56.3393, 40.0443, 47.6470, -0.0043, -0.3850, 0.9229
53.5617, 30.0737, 42.2472, -0.0004, -0.5610, 0.8278
51.9401, 25.0671, 38.3487, 0.0037, -0.6336, 0.7737
48.0598, 25.7541, 39.0351, 0.0248, -0.6171, 0.7865
50.4568, 33.7183, 44.4504, 0.0014, -0.5031, 0.8642
52.3436, 40.5203, 47.7953, 0.0011, -0.3745, 0.9272
54.2299, 47.7958, 49.9326, 0.0031, -0.2233, 0.9748
55.4872, 52.7657, 50.8561, 0.0015, -0.1345, 0.9909
57.3736, 60.3407, 51.1576, 0.0035, 0.0238, 0.9997
59.8885, 70.3682, 49.9718, 0.0029, 0.2157, 0.9765
61.7747, 77.6107, 47.7278, 0.0023, 0.3550, 0.9348
63.0319, 82.2573, 45.7290, 0.0007, 0.4379, 0.8990
64.2899, 86.5883, 43.1108, 0.0014, 0.5305, 0.8477
66.8059, 94.5108, 36.8609, 0.0074, 0.7057, 0.7084
66.8034, 95.3121, 37.7248, 0.0072, 0.7058, 0.7084
68.0577, 98.8767, 33.9950, -0.0078, 0.7469, 0.6649
71.9424, 98.2898, 34.7441, -0.0109, 0.7335, 0.6796
70.1749, 93.1117, 39.8455, -0.0050, 0.6358, 0.7718
68.9168, 89.0031, 42.9944, -0.0017, 0.5680, 0.8230
67.0300, 82.3072, 46.9054, -0.0043, 0.4311, 0.9023
65.7727, 77.5918, 49.0276, -0.0021, 0.3478, 0.9376
64.2069, 71.2395, 50.9051, -0.0020, 0.2320, 0.9727
62.6291, 65.0491, 52.0910, -0.0025, 0.1061, 0.9943
61.3714, 59.8812, 52.3650, -0.0009, 0.0158, 0.9999
59.4853, 52.1332, 51.9975, -0.0028, -0.1421, 0.9899
58.2278, 47.0549, 50.9939, -0.0013, -0.2309, 0.9730
56.3418, 39.6273, 48.7504, -0.0040, -0.3837, 0.9234
53.5143, 29.2483, 43.1241, -0.0009, -0.5660, 0.8244
51.9424, 24.3012, 39.2445, 0.0044, -0.6341, 0.7732
48.0575, 24.9728, 39.9191, 0.0246, -0.6208, 0.7836
50.4543, 33.1169, 45.4628, 0.0012, -0.5033, 0.8641
52.3411, 40.0732, 48.8894, 0.0011, -0.3743, 0.9273
54.2274, 47.5156, 51.0784, 0.0030, -0.2233, 0.9748
55.4846, 52.5997, 52.0257, 0.0014, -0.1343, 0.9909
57.3711, 60.3490, 52.3367, 0.0033, 0.0237, 0.9997
59.8860, 70.6062, 51.1183, 0.0028, 0.2158, 0.9764
61.7722, 78.0185, 48.8355, 0.0022, 0.3551, 0.9348
63.0294, 82.7733, 46.7930, 0.0006, 0.4381, 0.8989
64.2874, 87.2040, 44.1145, 0.0012, 0.5303, 0.8478
66.1742, 93.4792, 39.5577, 0.0010, 0.6461, 0.7633
66.8034, 95.3121, 37.7248, 0.0072, 0.7058, 0.7084
66.8008, 96.1134, 38.5887, 0.0070, 0.7059, 0.7083
68.0554, 99.7605, 34.7762, -0.0073, 0.7468, 0.6650
71.9447, 99.1857, 35.5100, -0.0110, 0.7360, 0.6769
70.1774, 93.8999, 40.7350, -0.0047, 0.6366, 0.7712
68.9193, 89.6938, 43.9491, -0.0016, 0.5687, 0.8226
67.0325, 82.8500, 47.9524, -0.0043, 0.4310, 0.9023
65.7752, 78.0284, 50.1224, -0.0020, 0.3486, 0.9373
64.5177, 72.9775, 51.6932, -0.0005, 0.2623, 0.9650
62.6316, 65.2049, 53.2596, -0.0023, 0.1070, 0.9943
61.3739, 59.9210, 53.5423, -0.0009, 0.0165, 0.9999
59.4878, 51.9986, 53.1690, -0.0026, -0.1411, 0.9900
58.2303, 46.8056, 52.1454, -0.0012, -0.2302, 0.9731
56.3443, 39.2103, 49.8539, -0.0037, -0.3824, 0.9240
53.4670, 28.4228, 44.0011, -0.0014, -0.5711, 0.8209
51.9447, 23.5354, 40.1404, 0.0051, -0.6347, 0.7727
48.0551, 24.1915, 40.8030, 0.0244, -0.6245, 0.7806
50.4518, 32.5154, 46.4752, 0.0011, -0.5034, 0.8640
52.3385, 39.6260, 49.9834, 0.0010, -0.3740, 0.9274
54.2249, 47.2354, 52.2241, 0.0028, -0.2233, 0.9747
55.4821, 52.4336, 53.1953, 0.0013, -0.1341, 0.9910
57.3685, 60.3574, 53.5159, 0.0031, 0.0236, 0.9997
59.8835, 70.8441, 52.2648, 0.0027, 0.2160, 0.9764
61.7697, 78.4263, 49.9433, 0.0020, 0.3552, 0.9348
63.0269, 83.2893, 47.8570, 0.0006, 0.4384, 0.8988
64.2848, 87.8198, 45.1182, 0.0010, 0.5302, 0.8479
66.1717, 94.2392, 40.4630, 0.0009, 0.6463, 0.7631
66.8008, 96.1134, 38.5887, 0.0070, 0.7059, 0.7083
66.7983, 96.9147, 39.4527, 0.0068, 0.7059, 0.7083
68.0530, 100.6444, 35.5574, -0.0049, 0.7456, 0.6663
71.9470, 100.0815, 36.2758, -0.0110, 0.7384, 0.6743
70.1799, 94.6881, 41.6246, -0.0045, 0.6373, 0.7706
68.9218, 90.3845, 44.9038, -0.0015, 0.5694, 0.8221
67.0350, 83.3927, 48.9994, -0.0043, 0.4309, 0.9024
65.7778, 78.4650, 51.2172, -0.0018, 0.3494, 0.9370
64.5202, 73.3038, 52.8249, -0.0004, 0.2629, 0.9648
62.6342, 65.3607, 54.4282, -0.0021, 0.1080, 0.9942
61.3764, 59.9608, 54.7196, -0.0008, 0.0172, 0.9999
59.4904, 51.8641, 54.3405, -0.0024, -0.1401, 0.9901
58.2328, 46.5564, 53.2968, -0.0011, -0.2295, 0.9733
56.3469, 38.7934, 50.9573, -0.0033, -0.3811, 0.9245
53.4196, 27.5973, 44.8780, -0.0019, -0.5761, 0.8174
51.9470, 22.7695, 41.0362, 0.0085, -0.6335, 0.7737
48.0528, 23.4102, 41.6870, 0.0242, -0.6282, 0.7776
50.4493, 31.9140, 47.4875, 0.0009, -0.5036, 0.8639
52.3360, 39.1789, 51.0774, 0.0009, -0.3738, 0.9275
54.2224, 46.9553, 53.3699, 0.0026, -0.2233, 0.9747
55.4796, 52.2675, 54.3650, 0.0013, -0.1339, 0.9910
57.3660, 60.3658, 54.6951, 0.0030, 0.0236, 0.9997
58.6235, 65.7586, 54.3552, 0.0016, 0.1142, 0.9935
59.8810, 71.0820, 53.4112, 0.0026, 0.2161, 0.9764
61.7672, 78.8342, 51.0510, 0.0019, 0.3553, 0.9348
63.0244, 83.8053, 48.9210, 0.0005, 0.4387, 0.8987
64.2823, 88.4356, 46.1219, 0.0008, 0.5300, 0.8480
66.1691, 94.9992, 41.3682, 0.0009, 0.6465, 0.7629
66.7983, 96.9147, 39.4527, 0.0068, 0.7059, 0.7083
66.7958, 97.7160, 40.3166, 0.0066, 0.7060, 0.7082
68.0507, 101.5282, 36.3386, -0.0066, 0.7489, 0.6627
71.9494, 100.9773, 37.0417, -0.0110, 0.7408, 0.6716
70.1825, 95.4764, 42.5141, -0.0043, 0.6381, 0.7700
68.9243, 91.0753, 45.8585, -0.0013, 0.5700, 0.8216
67.0376, 83.9354, 50.0464, -0.0043, 0.4308, 0.9024
65.7803, 78.9016, 52.3119, -0.0017, 0.3502, 0.9367
64.5228, 73.6301, 53.9566, -0.0004, 0.2636, 0.9646
62.6367, 65.5164, 55.5967, -0.0020, 0.1089, 0.9941
61.3790, 60.0005, 55.8968, -0.0007, 0.0180, 0.9998
59.4929, 51.7295, 55.5121, -0.0023, -0.1392, 0.9903
58.2353, 46.3072, 54.4483, -0.0010, -0.2287, 0.9735
56.3494, 38.3764, 52.0607, -0.0030, -0.3798, 0.9250
55.0913, 33.3788, 49.6970, -0.0013, -0.4613, 0.8872
53.3722, 26.7718, 45.7549, -0.0024, -0.5811, 0.8138
51.9494, 22.0036, 41.9320, 0.0055, -0.6413, 0.7673
48.0505, 22.6289, 42.5710, 0.0240, -0.6319, 0.7747
50.4468, 31.3125, 48.4999, 0.0007, -0.5038, 0.8638
52.3335, 38.7318, 52.1715, 0.0009, -0.3736, 0.9276
54.2198, 46.6751, 54.5157, 0.0025, -0.2233, 0.9747
55.4771, 52.1014, 55.5346, 0.0012, -0.1338, 0.9910
57.3635, 60.3741, 55.8742, 0.0028, 0.0235, 0.9997
58.6210, 65.8834, 55.5295, 0.0015, 0.1143, 0.9934
59.8785, 71.3199, 54.5577, 0.0025, 0.2163, 0.9763
61.7646, 79.2420, 52.1587, 0.0018, 0.3554, 0.9347
63.0219, 84.3213, 49.9851, 0.0005, 0.4389, 0.8985
64.2798, 89.0514, 47.1256, 0.0007, 0.5298, 0.8481
66.1666, 95.7592, 42.2735, 0.0008, 0.6466, 0.7628
66.7958, 97.7160, 40.3166, 0.0066, 0.7060, 0.7082
66.7932, 98.5174, 41.1806, 0.0064, 0.7060, 0.7081
68.0484, 102.4120, 37.1197, -0.0032, 0.7451, 0.6669
71.9517, 101.8732, 37.8076, -0.0110, 0.7432, 0.6689
70.1850, 96.2646, 43.4036, -0.0041, 0.6388, 0.7693
68.9268, 91.7660, 46.8132, -0.0012, 0.5707, 0.8211
67.0401, 84.4781, 51.0934, -0.0043, 0.4307, 0.9025
65.7828, 79.3381, 53.4067, -0.0015, 0.3510, 0.9364
64.5253, 73.9563, 55.0883, -0.0003, 0.2642, 0.9645
62.6392, 65.6722, 56.7653, -0.0018, 0.1098, 0.9940
61.3815, 60.0403, 57.0741, -0.0006, 0.0187, 0.9998
59.4954, 51.5949, 56.6836, -0.0021, -0.1382, 0.9904
58.2378, 46.0580, 55.5997, -0.0009, -0.2280, 0.9737
56.3519, 37.9594, 53.1641, -0.0027, -0.3786, 0.9256
55.0939, 32.8556, 50.7528, -0.0012, -0.4606, 0.8876
53.3249, 25.9463, 46.6318, -0.0029, -0.5861, 0.8102
51.9517, 21.2377, 42.8279, 0.0021, -0.6323, 0.7748
48.0482, 21.8476, 43.4549, 0.0238, -0.6356, 0.7716
50.4444, 30.7111, 49.5123, 0.0005, -0.5039, 0.8638
52.3310, 38.2847, 53.2655, 0.0008, -0.3734, 0.9277
54.2173, 46.3949, 55.6615, 0.0023, -0.2234, 0.9747
55.4746, 51.9353, 56.7042, 0.0011, -0.1336, 0.9910
57.3610, 60.3825, 57.0534, 0.0026, 0.0234, 0.9997
58.6184, 66.0081, 56.7038, 0.0014, 0.1145, 0.9934
59.8760, 71.5579, 55.7042, 0.0024, 0.2165, 0.9763
61.7621, 79.6498, 53.2664, 0.0017, 0.3555, 0.9347
63.0194, 84.8373, 51.0491, 0.0005, 0.4392, 0.8984
64.2773, 89.6672, 48.1293, 0.0005, 0.5297, 0.8482
66.1640, 96.5192, 43.1787, 0.0007, 0.6468, 0.7626
66.7932, 98.5174, 41.1806, 0.0064, 0.7060, 0.7081
66.7907, 99.3187, 42.0445, 0.0061, 0.7061, 0.7081
68.0461, 103.2959, 37.9009, -0.0055, 0.7464, 0.6655
71.9540, 102.7689, 38.5736, -0.0110, 0.7455, 0.6665
70.1875, 97.0528, 44.2932, -0.0039, 0.6396, 0.7687
68.9293, 92.4567, 47.7679, -0.0011, 0.5714, 0.8207
67.0426, 85.0209, 52.1404, -0.0043, 0.4307, 0.9025
65.7853, 79.7747, 54.5015, -0.0014, 0.3519, 0.9361
64.5278, 74.2826, 56.2200, -0.0002, 0.2648, 0.9643
62.6417, 65.8280, 57.9339, -0.0016, 0.1107, 0.9939
61.3840, 60.0801, 58.2513, -0.0005, 0.0194, 0.9998
59.4979, 51.4603, 57.8551, -0.0019, -0.1373, 0.9905
58.2403, 45.8088, 56.7512, -0.0008, -0.2272, 0.9738
56.3544, 37.5424, 54.2676, -0.0023, -0.3773, 0.9261
55.0964, 32.3325, 51.8086, -0.0010, -0.4599, 0.8880
53.2775, 25.1208, 47.5088, -0.0045, -0.5961, 0.8029
51.9540, 20.4718, 43.7236, 0.0083, -0.6373, 0.7705
48.0459, 21.0665, 44.3391, 0.0231, -0.6387, 0.7691
50.4419, 30.1097, 50.5246, 0.0004, -0.5041, 0.8637
52.3284, 37.8376, 54.3595, 0.0007, -0.3732, 0.9278
54.2148, 46.1148, 56.8073, 0.0021, -0.2234, 0.9747
55.4721, 51.7693, 57.8738, 0.0010, -0.1334, 0.9911
57.3585, 60.3909, 58.2325, 0.0024, 0.0233, 0.9997
58.6159, 66.1329, 57.8780, 0.0013, 0.1146, 0.9934
59.8735, 71.7958, 56.8507, 0.0023, 0.2166, 0.9762
61.7596, 80.0577, 54.3742, 0.0016, 0.3555, 0.9347
63.0168, 85.3534, 52.1131, 0.0004, 0.4394, 0.8983
64.2748, 90.2830, 49.1330, 0.0003, 0.5295, 0.8483
66.1615, 97.2792, 44.0840, 0.0007, 0.6470, 0.7625
66.7907, 99.3187, 42.0445, 0.0061, 0.7061, 0.7081
66.7882, 100.1200, 42.9085, 0.0059, 0.7062, 0.7080
68.0444, 104.1808, 38.6807, -0.0078, 0.7477, 0.6640
71.9557, 103.6637, 39.3408, -0.0107, 0.7453, 0.6666
70.1900, 97.8410, 45.1827, -0.0037, 0.6403, 0.7681
68.9318, 93.1475, 48.7226, -0.0010, 0.5721, 0.8202
67.0451, 85.5636, 53.1874, -0.0043, 0.4306, 0.9025
65.7878, 80.2113, 55.5963, -0.0012, 0.3527, 0.9357
64.5303, 74.6088, 57.3517, -0.0002, 0.2655, 0.9641
62.6442, 65.9838, 59.1025, -0.0015, 0.1116, 0.9937
61.3865, 60.1198, 59.4286, -0.0004, 0.0201, 0.9998
59.5004, 51.3257, 59.0267, -0.0017, -0.1363, 0.9907
58.2429, 45.5596, 57.9026, -0.0007, -0.2265, 0.9740
56.3569, 37.1255, 55.3710, -0.0020, -0.3760, 0.9266
55.0989, 31.8093, 52.8644, -0.0009, -0.4592, 0.8884
53.2302, 24.2953, 48.3857, -0.0042, -0.5973, 0.8020
51.9557, 19.7046, 44.6184, 0.0146, -0.6423, 0.7663
48.0442, 20.2864, 45.2242, 0.0194, -0.6381, 0.7697
50.4394, 29.5082, 51.5370, 0.0002, -0.5042, 0.8636
52.3259, 37.3904, 55.4536, 0.0007, -0.3730, 0.9278
54.2123, 45.8346, 57.9530, 0.0020, -0.2234, 0.9747
55.4695, 51.6032, 59.0434, 0.0009, -0.1332, 0.9911
57.3560, 60.3992, 59.4117, 0.0022, 0.0233, 0.9997
58.6134, 66.2577, 59.0523, 0.0012, 0.1147, 0.9934
59.8710, 72.0337, 57.9972, 0.0022, 0.2168, 0.9762
61.7571, 80.4655, 55.4819, 0.0014, 0.3556, 0.9346
63.0143, 85.8694, 53.1771, 0.0004, 0.4397, 0.8981
64.2723, 90.8987, 50.1367, 0.0001, 0.5293, 0.8484
66.1589, 98.0392, 44.9892, 0.0006, 0.6472, 0.7623
66.7882, 100.1200, 42.9085, 0.0059, 0.7062, 0.7080
66.7863, 100.9226, 43.7711, 0.0057, 0.7062, 0.7080
68.0428, 105.0660, 39.4602, -0.0101, 0.7490, 0.6625
71.9573, 104.5582, 40.1084, -0.0105, 0.7451, 0.6668
70.1917, 98.6239, 46.0698, -0.0035, 0.6416, 0.7670
68.9336, 93.8365, 49.6786, -0.0009, 0.5731, 0.8195
67.0470, 86.1076, 54.2413, -0.0042, 0.4307, 0.9025
65.7896, 80.6459, 56.6920, -0.0011, 0.3532, 0.9356
64.5069, 74.7888, 58.5200, 0.0001, 0.2647, 0.9643
62.6460, 66.1374, 60.2714, -0.0013, 0.1127, 0.9936
61.3883, 60.1576, 60.6060, -0.0003, 0.0211, 0.9998
59.5022, 51.1888, 60.1980, -0.0016, -0.1357, 0.9907
58.2447, 45.3083, 59.0537, -0.0006, -0.2260, 0.9741
56.3586, 36.7062, 56.4737, -0.0018, -0.3745, 0.9272
55.1007, 31.2843, 53.9194, -0.0008, -0.4584, 0.8887
53.2139, 23.5646, 49.3199, -0.0040, -0.5967, 0.8024
51.9573, 18.9369, 45.5128, 0.0208, -0.6473, 0.7620
48.0426, 19.5067, 46.1098, 0.0157, -0.6375, 0.7703
50.4375, 28.9084, 52.5503, 0.0000, -0.5044, 0.8635
52.3242, 36.9455, 56.5483, 0.0006, -0.3723, 0.9281
54.2104, 45.5564, 59.0992, 0.0019, -0.2228, 0.9749
55.4678, 51.4394, 60.2132, 0.0009, -0.1322, 0.9912
57.3541, 60.4096, 60.5907, 0.0021, 0.0238, 0.9997
58.6116, 66.3846, 60.2261, 0.0011, 0.1154, 0.9933
59.8692, 72.2743, 59.1468, 0.0020, 0.2169, 0.9762
61.7553, 80.8753, 56.5887, 0.0014, 0.3565, 0.9343
63.0126, 86.3874, 54.2399, 0.0004, 0.4413, 0.8974
64.2704, 91.5161, 51.1395, -0.0001, 0.5290, 0.8486
66.1572, 98.8009, 45.8928, 0.0006, 0.6482, 0.7615
66.7863, 100.9226, 43.7711, 0.0057, 0.7062, 0.7080
66.7850, 101.7266, 44.6323, 0.0054, 0.7063, 0.7079
68.0414, 105.9515, 40.2392, -0.0068, 0.7447, 0.6673
71.9587, 105.4524, 40.8764, -0.0108, 0.7414, 0.6710
70.1928, 99.4035, 46.9555, -0.0032, 0.6433, 0.7656
68.9348, 94.5242, 50.6357, -0.0008, 0.5746, 0.8185
67.0482, 86.6528, 55.3016, -0.0041, 0.4311, 0.9023
65.7908, 81.0789, 57.7884, -0.0011, 0.3534, 0.9355
64.4587, 74.8291, 59.7234, 0.0005, 0.2626, 0.9649
62.6472, 66.2894, 61.4407, -0.0013, 0.1138, 0.9935
61.3895, 60.1935, 61.7835, -0.0002, 0.0225, 0.9997
59.5034, 51.0504, 61.3693, -0.0015, -0.1355, 0.9908
58.2459, 45.0554, 60.2045, -0.0005, -0.2258, 0.9742
56.3598, 36.2856, 57.5760, -0.0017, -0.3729, 0.9279
55.1019, 30.7576, 54.9736, -0.0007, -0.4576, 0.8892
53.2151, 22.8871, 50.2863, -0.0037, -0.5951, 0.8037
51.9587, 18.1689, 46.4070, 0.0138, -0.6379, 0.7700
48.0412, 18.7273, 46.9957, 0.0178, -0.6304, 0.7760
50.4363, 28.3102, 53.5647, -0.0000, -0.5045, 0.8634
52.3230, 36.5021, 57.6435, 0.0007, -0.3714, 0.9285
54.2092, 45.2800, 60.2457, 0.0018, -0.2216, 0.9751
55.4666, 51.2771, 61.3830, 0.0009, -0.1307, 0.9914
57.3529, 60.4218, 61.7697, 0.0021, 0.0248, 0.9997
58.6104, 66.5132, 61.3997, 0.0011, 0.1165, 0.9932
59.8680, 72.5174, 60.2994, 0.0017, 0.2170, 0.9762
61.7541, 81.2866, 57.6949, 0.0014, 0.3581, 0.9337
63.0114, 86.9068, 55.3019, 0.0006, 0.4436, 0.8962
64.2692, 92.1352, 52.1412, -0.0004, 0.5284, 0.8490
66.1560, 99.5637, 46.7953, 0.0007, 0.6497, 0.7602
66.7850, 101.7266, 44.6323, 0.0054, 0.7063, 0.7079
66.7838, 102.5307, 45.4936, 0.0052, 0.7063, 0.7079
68.0400, 106.8370, 41.0183, -0.0053, 0.7424, 0.6700
71.9601, 106.3466, 41.6443, -0.0109, 0.7389, 0.6738
70.1940, 100.1831, 47.8411, -0.0030, 0.6450, 0.7642
68.9360, 95.2120, 51.5927, -0.0008, 0.5760, 0.8175
67.0494, 87.1980, 56.3618, -0.0040, 0.4314, 0.9021
65.7920, 81.5120, 58.8847, -0.0010, 0.3537, 0.9354
64.4105, 74.8695, 60.9267, -0.0006, 0.2556, 0.9668
62.6484, 66.4414, 62.6100, -0.0012, 0.1149, 0.9934
61.3907, 60.2295, 62.9610, -0.0001, 0.0238, 0.9997
59.5046, 50.9120, 62.5406, -0.0015, -0.1352, 0.9908
58.2471, 44.8024, 61.3552, -0.0005, -0.2255, 0.9742
56.3610, 35.8649, 58.6783, -0.0016, -0.3714, 0.9285
55.1031, 30.2310, 56.0279, -0.0007, -0.4568, 0.8896
53.2164, 22.2096, 51.2527, -0.0034, -0.5935, 0.8049
51.9601, 17.4009, 47.3012, 0.0116, -0.6337, 0.7735
48.0398, 17.9479, 47.8815, 0.0177, -0.6259, 0.7797
50.4351, 27.7121, 54.5790, -0.0001, -0.5046, 0.8633
52.3217, 36.0587, 58.7386, 0.0007, -0.3705, 0.9288
54.2080, 45.0036, 61.3921, 0.0017, -0.2204, 0.9754
55.4654, 51.1149, 62.5529, 0.0010, -0.1292, 0.9916
57.3517, 60.4340, 62.9486, 0.0021, 0.0259, 0.9997
58.6092, 66.6417, 62.5733, 0.0011, 0.1176, 0.9931
59.8668, 72.7605, 61.4520, 0.0015, 0.2170, 0.9762
61.7529, 81.6980, 58.8010, 0.0013, 0.3597, 0.9331
63.0102, 87.4261, 56.3639, 0.0007, 0.4458, 0.8951
64.2680, 92.7543, 53.1429, -0.0007, 0.5279, 0.8493
66.1547, 100.3264, 47.6978, 0.0008, 0.6513, 0.7588
66.7838, 102.5307, 45.4936, 0.0052, 0.7063, 0.7079
66.7826, 103.3347, 46.3548, 0.0050, 0.7064, 0.7078
68.0386, 107.7225, 41.7973, -0.0039, 0.7400, 0.6726
71.9615, 107.2408, 42.4123, -0.0110, 0.7364, 0.6765
70.1952, 100.9627, 48.7268, -0.0028, 0.6466, 0.7628
68.9371, 95.8997, 52.5498, -0.0008, 0.5774, 0.8165
67.0506, 87.7432, 57.4221, -0.0038, 0.4317, 0.9020
65.7932, 81.9451, 59.9811, -0.0010, 0.3539, 0.9353
64.3623, 74.9098, 62.1300, -0.0008, 0.2515, 0.9678
62.6496, 66.5934, 63.7792, -0.0011, 0.1161, 0.9932
61.3919, 60.2654, 64.1385, 0.0000, 0.0251, 0.9997
59.5058, 50.7736, 63.7119, -0.0014, -0.1349, 0.9909
58.2483, 44.5494, 62.5060, -0.0005, -0.2253, 0.9743
56.3622, 35.4443, 59.7805, -0.0015, -0.3698, 0.9291
55.1044, 29.7043, 57.0821, -0.0006, -0.4560, 0.8900
53.2176, 21.5321, 52.2191, -0.0031, -0.5918, 0.8061
51.9615, 16.6329, 48.1954, 0.0094, -0.6294, 0.7770
48.0384, 17.1685, 48.7674, 0.0175, -0.6213, 0.7834
50.4340, 27.1139, 55.5934, -0.0002, -0.5048, 0.8633
52.3205, 35.6153, 59.8338, 0.0007, -0.3696, 0.9292
54.2068, 44.7272, 62.5386, 0.0016, -0.2191, 0.9757
55.4642, 50.9527, 63.7228, 0.0010, -0.1277, 0.9918
57.3505, 60.4462, 64.1275, 0.0021, 0.0270, 0.9996
58.6080, 66.7703, 63.7468, 0.0011, 0.1187, 0.9929
59.8656, 73.0036, 62.6045, 0.0012, 0.2170, 0.9762
61.7517, 82.1093, 59.9072, 0.0013, 0.3613, 0.9325
63.0090, 87.9454, 57.4259, 0.0008, 0.4481, 0.8940
64.2668, 93.3733, 54.1446, -0.0010, 0.5273, 0.8497
66.1535, 101.0891, 48.6004, 0.0009, 0.6528, 0.7575
66.7826, 103.3347, 46.3548, 0.0050, 0.7064, 0.7078
66.7814, 104.1387, 47.2160, 0.0047, 0.7064, 0.7078
68.0371, 108.6080, 42.5764, -0.0025, 0.7376, 0.6753
71.9630, 108.1350, 43.1802, -0.0110, 0.7338, 0.6792
70.1964, 101.7423, 49.6124, -0.0026, 0.6483, 0.7614
68.9383, 96.5874, 53.5069, -0.0007, 0.5788, 0.8155
67.0519, 88.2884, 58.4824, -0.0037, 0.4321, 0.9018
65.7944, 82.3781, 61.0775, -0.0009, 0.3542, 0.9352
64.3141, 74.9502, 63.3333, -0.0011, 0.2475, 0.9689
62.6508, 66.7454, 64.9485, -0.0010, 0.1172, 0.9931
61.3931, 60.3014, 65.3160, 0.0002, 0.0264, 0.9997
59.5070, 50.6351, 64.8832, -0.0014, -0.1346, 0.9909
58.2495, 44.2964, 63.6568, -0.0004, -0.2250, 0.9744
56.3634, 35.0236, 60.8828, -0.0014, -0.3683, 0.9297
55.1056, 29.1777, 58.1364, -0.0006, -0.4552, 0.8904
53.2188, 20.8546, 53.1855, -0.0028, -0.5902, 0.8073
51.9629, 15.8649, 49.0895, 0.0071, -0.6251, 0.7805
48.0369, 16.3891, 49.6532, 0.0174, -0.6166, 0.7871
50.4328, 26.5157, 56.6078, -0.0003, -0.5049, 0.8632
52.3193, 35.1718, 60.9290, 0.0007, -0.3687, 0.9295
54.2056, 44.4508, 63.6851, 0.0015, -0.2179, 0.9760
55.4630, 50.7905, 64.8926, 0.0010, -0.1261, 0.9920
57.3493, 60.4584, 65.3065, 0.0021, 0.0280, 0.9996
58.6068, 66.8989, 64.9204, 0.0011, 0.1198, 0.9928
59.8644, 73.2467, 63.7571, 0.0010, 0.2171, 0.9761
61.7505, 82.5207, 61.0133, 0.0013, 0.3629, 0.9318
63.0078, 88.4647, 58.4879, 0.0009, 0.4504, 0.8928
64.2656, 93.9924, 55.1463, -0.0013, 0.5267, 0.8500
66.1523, 101.8519, 49.5029, 0.0010, 0.6543, 0.7562
66.7814, 104.1387, 47.2160, 0.0047, 0.7064, 0.7078
66.7801, 104.9428, 48.0773, 0.0045, 0.7064, 0.7078
68.0357, 109.4936, 43.3555, 0.0325, 0.7602, 0.6489
71.9644, 109.0292, 43.9482, -0.0931, 0.8121, 0.5760
70.1976, 102.5220, 50.4980, -0.0023, 0.6500, 0.7600
68.9395, 97.2751, 54.4640, -0.0007, 0.5802, 0.8145
67.0531, 88.8336, 59.5426, -0.0036, 0.4324, 0.9017
65.7956, 82.8112, 62.1739, -0.0009, 0.3544, 0.9351
64.2659, 74.9905, 64.5366, -0.0013, 0.2434, 0.9699
62.6520, 66.8974, 66.1178, -0.0010, 0.1183, 0.9930
61.3944, 60.3373, 66.4935, 0.0003, 0.0278, 0.9996
59.5082, 50.4967, 66.0545, -0.0013, -0.1343, 0.9909
58.2507, 44.0434, 64.8075, -0.0004, -0.2248, 0.9744
56.3646, 34.6030, 61.9851, -0.0013, -0.3667, 0.9303
55.1068, 28.6510, 59.1906, -0.0005, -0.4544, 0.8908
53.2201, 20.1771, 54.1518, -0.0025, -0.5886, 0.8084
51.9643, 15.0969, 49.9837, -0.0173, -0.6166, 0.7870
48.0355, 15.6097, 50.5390, 0.1121, -0.8517, 0.5120
50.4316, 25.9176, 57.6221, -0.0004, -0.5050, 0.8631
52.3181, 34.7284, 62.0242, 0.0007, -0.3678, 0.9299
54.2044, 44.1745, 64.8315, 0.0015, -0.2167, 0.9762
55.4617, 50.6283, 66.0625, 0.0011, -0.1246, 0.9922
57.3481, 60.4706, 66.4854, 0.0021, 0.0291, 0.9996
58.6056, 67.0274, 66.0940, 0.0010, 0.1209, 0.9927
59.8632, 73.4898, 64.9097, 0.0007, 0.2171, 0.9761
61.7493, 82.9321, 62.1195, 0.0013, 0.3644, 0.9312
63.0066, 88.9841, 59.5499, 0.0010, 0.4527, 0.8917
64.8932, 97.3798, 54.3819, 0.0018, 0.5816, 0.8135
66.7801, 104.9428, 48.0773, 0.0045, 0.7064, 0.7078
66.7789, 105.7468, 48.9385, 0.0042, 0.7065, 0.7077
68.0335, 110.3762, 44.1381, -0.0112, 0.7237, 0.6900
71.9606, 109.9062, 44.7381, -0.0106, 0.7263, 0.6873
70.1988, 103.3016, 51.3837, -0.0021, 0.6516, 0.7585
68.9407, 97.9628, 55.4210, -0.0007, 0.5816, 0.8135
67.0543, 89.3789, 60.6029, -0.0035, 0.4328, 0.9015
65.7969, 83.2442, 63.2702, -0.0008, 0.3547, 0.9350
64.2177, 75.0309, 65.7399, -0.0015, 0.2393, 0.9709
62.6532, 67.0494, 67.2871, -0.0009, 0.1194, 0.9928
61.3956, 60.3732, 67.6709, 0.0004, 0.0291, 0.9996
59.5094, 50.3583, 67.2258, -0.0012, -0.1340, 0.9910
58.2519, 43.7904, 65.9583, -0.0003, -0.2245, 0.9745
56.3658, 34.1823, 63.0874, -0.0012, -0.3652, 0.9309
55.1080, 28.1244, 60.2449, -0.0004, -0.4536, 0.8912
53.2213, 19.4996, 55.1182, -0.0022, -0.5869, 0.8096
51.9668, 14.3339, 50.8817, 0.0114, -0.6180, 0.7861
48.0399, 14.8521, 51.4468, 0.0158, -0.6074, 0.7942
50.4304, 25.3194, 58.6365, -0.0005, -0.5052, 0.8630
52.3169, 34.2850, 63.1194, 0.0007, -0.3669, 0.9302
54.2032, 43.8981, 65.9780, 0.0014, -0.2155, 0.9765
55.4605, 50.4660, 67.2323, 0.0011, -0.1231, 0.9924
57.3469, 60.4828, 67.6643, 0.0021, 0.0301, 0.9995
58.6044, 67.1560, 67.2675, 0.0010, 0.1220, 0.9925
59.8620, 73.7329, 66.0622, 0.0005, 0.2172, 0.9761
61.7481, 83.3434, 63.2256, 0.0013, 0.3660, 0.9306
63.0054, 89.5034, 60.6119, 0.0012, 0.4550, 0.8905
64.8920, 98.0487, 55.3537, 0.0018, 0.5828, 0.8126
66.1498, 103.3774, 51.3079, 0.0011, 0.6574, 0.7536
66.7789, 105.7468, 48.9385, 0.0042, 0.7065, 0.7077
66.7777, 106.5508, 49.7997, 0.0040, 0.7065, 0.7077
68.0223, 111.2283, 44.9598, -0.0125, 0.7228, 0.6910
71.9475, 110.7519, 45.5679, -0.0112, 0.7196, 0.6943
70.2000, 104.0812, 52.2693, -0.0019, 0.6533, 0.7571
68.9419, 98.6505, 56.3781, -0.0006, 0.5830, 0.8125
67.0556, 89.9241, 61.6632, -0.0033, 0.4331, 0.9013
65.7981, 83.6773, 64.3666, -0.0008, 0.3549, 0.9349
64.1695, 75.0712, 66.9432, -0.0017, 0.2352, 0.9719
62.6544, 67.2014, 68.4563, -0.0008, 0.1206, 0.9927
61.3968, 60.4092, 68.8484, 0.0005, 0.0304, 0.9995
59.5106, 50.2199, 68.3971, -0.0012, -0.1338, 0.9910
58.2531, 43.5374, 67.1090, -0.0003, -0.2243, 0.9745
56.3670, 33.7617, 64.1897, -0.0011, -0.3636, 0.9316
55.1092, 27.5977, 61.2991, -0.0004, -0.4528, 0.8916
53.2225, 18.8221, 56.0846, -0.0019, -0.5853, 0.8108
51.9780, 13.6083, 51.8091, 0.0081, -0.6180, 0.7861
48.0541, 14.1329, 52.3928, 0.0157, -0.6037, 0.7970
50.4292, 24.7213, 59.6508, -0.0006, -0.5053, 0.8629
52.3157, 33.8415, 64.2146, 0.0007, -0.3661, 0.9306
54.2020, 43.6217, 67.1245, 0.0013, -0.2143, 0.9768
55.4593, 50.3038, 68.4022, 0.0011, -0.1215, 0.9926
57.3457, 60.4950, 68.8432, 0.0021, 0.0312, 0.9995
58.6032, 67.2846, 68.4411, 0.0010, 0.1231, 0.9924
59.8608, 73.9761, 67.2148, 0.0002, 0.2172, 0.9761
61.7469, 83.7548, 64.3317, 0.0013, 0.3676, 0.9300
63.0042, 90.0227, 61.6739, 0.0013, 0.4573, 0.8893
64.8908, 98.7177, 56.3254, 0.0019, 0.5841, 0.8117
66.1486, 104.1401, 52.2104, 0.0012, 0.6589, 0.7522
66.7777, 106.5508, 49.7997, 0.0040, 0.7065, 0.7077
66.7764, 107.3548, 50.6609, 0.0038, 0.7066, 0.7076
67.9984, 112.0361, 45.8381, -0.0138, 0.7112, 0.7029
71.9237, 111.5601, 46.4457, -0.0060, 0.7041, 0.7101
70.2011, 104.8608, 53.1550, -0.0017, 0.6549, 0.7557
68.9431, 99.3382, 57.3352, -0.0006, 0.5844, 0.8115
67.0568, 90.4693, 62.7234, -0.0032, 0.4335, 0.9012
65.7993, 84.1104, 65.4630, -0.0007, 0.3552, 0.9348
64.1214, 75.1116, 68.1466, -0.0019, 0.2311, 0.9729
62.6556, 67.3534, 69.6256, -0.0007, 0.1217, 0.9926
61.3980, 60.4451, 70.0259, 0.0006, 0.0317, 0.9995
59.5118, 50.0814, 69.5684, -0.0011, -0.1335, 0.9911
58.2543, 43.2844, 68.2598, -0.0002, -0.2240, 0.9746
56.3682, 33.3410, 65.2919, -0.0010, -0.3620, 0.9322
55.1104, 27.0711, 62.3534, -0.0003, -0.4520, 0.8920
53.2238, 18.1446, 57.0510, -0.0016, -0.5837, 0.8120
52.0020, 12.9399, 52.7814, 0.0102, -0.6121, 0.7907
48.0786, 13.4664, 53.3681, 0.0078, -0.5733, 0.8193
50.4280, 24.1231, 60.6652, -0.0006, -0.5054, 0.8629
52.3144, 33.3981, 65.3097, 0.0007, -0.3652, 0.9309
54.2008, 43.3453, 68.2710, 0.0012, -0.2131, 0.9770
55.4581, 50.1416, 69.5720, 0.0012, -0.1200, 0.9928
57.3445, 60.5072, 70.0222, 0.0021, 0.0323, 0.9995
58.6019, 67.4131, 69.6146, 0.0010, 0.1242, 0.9923
59.8596, 74.2192, 68.3674, -0.0000, 0.2173, 0.9761
61.7457, 84.1661, 65.4379, 0.0013, 0.3692, 0.9294
63.0030, 90.5420, 62.7360, 0.0014, 0.4596, 0.8881
64.8896, 99.3867, 57.2972, 0.0019, 0.5853, 0.8108
66.1473, 104.9028, 53.1129, 0.0013, 0.6604, 0.7509
66.7764, 107.3548, 50.6609, 0.0038, 0.7066, 0.7076
66.7752, 108.1589, 51.5222, 0.0035, 0.7066, 0.7076
67.9645, 112.8072, 46.7631, -0.0272, 0.6855, 0.7276
71.8860, 112.3169, 47.3890, -0.0320, 0.6348, 0.7720
70.2023, 105.6404, 54.0406, -0.0014, 0.6566, 0.7543
68.9443, 100.0259, 58.2922, -0.0005, 0.5858, 0.8105
67.0580, 91.0145, 63.7837, -0.0031, 0.4338, 0.9010
65.8005, 84.5434, 66.5593, -0.0007, 0.3555, 0.9347
63.9142, 74.4243, 69.5269, -0.0028, 0.2117, 0.9773
62.6568, 67.5054, 70.7949, -0.0007, 0.1228, 0.9924
61.3992, 60.4810, 71.2034, 0.0007, 0.0331, 0.9995
59.5130, 49.9430, 70.7397, -0.0011, -0.1332, 0.9911
58.2555, 43.0314, 69.4106, -0.0002, -0.2238, 0.9746
56.3694, 32.9204, 66.3942, -0.0009, -0.3605, 0.9328
55.1117, 26.5444, 63.4076, -0.0002, -0.4512, 0.8924
53.2250, 17.4671, 58.0174, -0.0013, -0.5820, 0.8132
52.0354, 12.3159, 53.7883, 0.0180, -0.5908, 0.8066
48.1113, 12.9257, 54.2742, -0.0143, -0.6191, 0.7852
49.7978, 20.5161, 59.8606, 0.0020, -0.5336, 0.8457
51.0557, 26.5790, 63.4232, 0.0012, -0.4565, 0.8897
52.3132, 32.9547, 66.4049, 0.0007, -0.3643, 0.9313
54.1996, 43.0689, 69.4174, 0.0011, -0.2118, 0.9773
55.4569, 49.9794, 70.7419, 0.0012, -0.1185, 0.9930
57.3433, 60.5194, 71.2011, 0.0021, 0.0333, 0.9994
58.6007, 67.5417, 70.7882, 0.0010, 0.1253, 0.9921
59.8583, 74.4623, 69.5200, -0.0003, 0.2173, 0.9761
61.7445, 84.5775, 66.5440, 0.0013, 0.3708, 0.9287
63.0018, 91.0613, 63.7980, 0.0015, 0.4618, 0.8870
64.8883, 100.0557, 58.2689, 0.0020, 0.5866, 0.8099
66.1461, 105.6656, 54.0154, 0.0014, 0.6619, 0.7496
66.7752, 108.1589, 51.5222, 0.0035, 0.7066, 0.7076
66.7740, 108.9629, 52.3834, 0.0033, 0.7067, 0.7076
67.9163, 113.5231, 47.7588, -0.0255, 0.6800, 0.7328
71.8355, 113.0238, 48.3960, -0.0534, 0.5685, 0.8209
70.2035, 106.4200, 54.9262, -0.0012, 0.6582, 0.7528
68.9455, 100.7136, 59.2493, -0.0005, 0.5872, 0.8095
67.0592, 91.5597, 64.8439, -0.0030, 0.4341, 0.9008
65.8017, 84.9765, 67.6557, -0.0006, 0.3557, 0.9346
63.9154, 74.6907, 70.6752, -0.0028, 0.2123, 0.9772
62.6580, 67.6574, 71.9641, -0.0006, 0.1240, 0.9923
61.4004, 60.5170, 72.3809, 0.0008, 0.0344, 0.9994
59.5142, 49.8046, 71.9110, -0.0010, -0.1329, 0.9911
58.2567, 42.7784, 70.5613, -0.0002, -0.2235, 0.9747
56.3706, 32.4997, 67.4965, -0.0008, -0.3589, 0.9334
55.1129, 26.0178, 64.4619, -0.0002, -0.4504, 0.8928
53.2262, 16.7896, 58.9838, -0.0011, -0.5804, 0.8143
52.0824, 11.7589, 54.8478, 0.0165, -0.5912, 0.8064
48.1598, 12.3801, 55.3345, -0.0318, -0.6388, 0.7687
49.1677, 16.8890, 58.8670, 0.0003, -0.5814, 0.8136
50.4256, 22.9268, 62.6939, -0.0008, -0.5057, 0.8627
52.3120, 32.5112, 67.5001, 0.0007, -0.3634, 0.9317
54.1984, 42.7925, 70.5639, 0.0010, -0.2106, 0.9776
55.4557, 49.8171, 71.9117, 0.0012, -0.1170, 0.9931
57.3421, 60.5317, 72.3800, 0.0021, 0.0344, 0.9994
58.5995, 67.6703, 71.9618, 0.0010, 0.1264, 0.9920
59.8571, 74.7054, 70.6725, -0.0006, 0.2174, 0.9761
61.7433, 84.9888, 67.6502, 0.0012, 0.3723, 0.9281
63.0006, 91.5807, 64.8600, 0.0016, 0.4641, 0.8858
64.8871, 100.7246, 59.2407, 0.0020, 0.5878, 0.8090
66.1449, 106.4283, 54.9180, 0.0015, 0.6634, 0.7482
66.7740, 108.9629, 52.3834, 0.0033, 0.7067, 0.7076
66.7728, 109.7669, 53.2446, 0.0030, 0.7067, 0.7075
67.8581, 114.1989, 48.8054, -0.0307, 0.6562, 0.7540
71.7739, 113.6856, 49.4606, -0.0533, 0.5592, 0.8273
70.2047, 107.1997, 55.8119, -0.0010, 0.6598, 0.7514
68.9467, 101.4013, 60.2064, -0.0005, 0.5885, 0.8085
67.0605, 92.1049, 65.9042, -0.0028, 0.4345, 0.9007
65.8029, 85.4096, 68.7521, -0.0006, 0.3560, 0.9345
63.9166, 74.9572, 71.8235, -0.0028, 0.2130, 0.9770
62.6592, 67.8094, 73.1334, -0.0005, 0.1251, 0.9921
61.4016, 60.5529, 73.5584, 0.0010, 0.0357, 0.9994
59.5155, 49.6662, 73.0823, -0.0010, -0.1326, 0.9912
58.2579, 42.5254, 71.7121, -0.0001, -0.2233, 0.9748
56.3718, 32.0791, 68.5988, -0.0007, -0.3574, 0.9340
55.1141, 25.4911, 65.5161, -0.0001, -0.4496, 0.8932
53.2274, 16.1121, 59.9502, -0.0039, -0.5862, 0.8102
52.1382, 11.2469, 55.9426, 0.0181, -0.5762, 0.8171
48.2174, 11.8777, 56.4367, 0.0284, -0.5104, 0.8595
49.1665, 16.1933, 59.8178, -0.0084, -0.6191, 0.7852
50.4245, 22.3286, 63.7082, -0.0009, -0.5058, 0.8626
52.3108, 32.0678, 68.5953, 0.0008, -0.3625, 0.9320
54.1971, 42.5161, 71.7104, 0.0010, -0.2094, 0.9778
55.4545, 49.6549, 73.0816, 0.0013, -0.1154, 0.9933
57.3409, 60.5439, 73.5590, 0.0020, 0.0354, 0.9994
58.5983, 67.7988, 73.1353, 0.0010, 0.1275, 0.9918
59.8559, 74.9485, 71.8251, -0.0008, 0.2174, 0.9761
61.7420, 85.4002, 68.7563, 0.0012, 0.3739, 0.9275
62.9994, 92.1000, 65.9220, 0.0018, 0.4664, 0.8846
64.8859, 101.3936, 60.2124, 0.0020, 0.5891, 0.8081
66.1436, 107.1911, 55.8205, 0.0015, 0.6650, 0.7469
66.7728, 109.7669, 53.2446, 0.0030, 0.7067, 0.7075
66.7835, 110.6108, 54.0660, 0.0034, 0.7092, 0.7050
67.7846, 114.8109, 49.9336, -0.0519, 0.6028, 0.7962
71.6993, 114.2931, 50.5945, -0.0895, 0.5243, 0.8468
70.2059, 107.9793, 56.6975, -0.0007, 0.6622, 0.7494
68.9479, 102.0890, 61.1635, -0.0004, 0.5899, 0.8074
67.0617, 92.6501, 66.9645, -0.0027, 0.4348, 0.9005
65.8041, 85.8426, 69.8484, -0.0005, 0.3562, 0.9344
63.9178, 75.2237, 72.9718, -0.0028, 0.2137, 0.9769
62.6604, 67.9614, 74.3027, -0.0004, 0.1262, 0.9920
61.4028, 60.5888, 74.7359, 0.0011, 0.0370, 0.9993
59.5167, 49.5277, 74.2536, -0.0009, -0.1324, 0.9912
58.2591, 42.2724, 72.8629, -0.0001, -0.2230, 0.9748
56.3730, 31.6584, 69.7011, -0.0006, -0.3558, 0.9346
55.1153, 24.9645, 66.5704, -0.0001, -0.4488, 0.8936
53.2322, 15.4487, 60.9251, -0.0007, -0.5773, 0.8165
52.2082, 10.8106, 57.0966, 0.0397, -0.5191, 0.8538
48.2886, 11.4483, 57.5962, 0.0358, -0.4527, 0.8909
49.1653, 15.4977, 60.7687, -0.0013, -0.5874, 0.8093
50.4233, 21.7305, 64.7226, -0.0012, -0.5069, 0.8620
52.3096, 31.6244, 69.6905, 0.0008, -0.3616, 0.9323
54.1959, 42.2398, 72.8569, 0.0009, -0.2082, 0.9781
55.4533, 49.4927, 74.2514, 0.0013, -0.1139, 0.9935
57.3397, 60.5561, 74.7379, 0.0020, 0.0365, 0.9993
58.5971, 67.9274, 74.3089, 0.0009, 0.1286, 0.9917
59.8547, 75.1916, 72.9777, -0.0011, 0.2175, 0.9761
61.7408, 85.8115, 69.8624, 0.0012, 0.3755, 0.9268
62.9982, 92.6193, 66.9840, 0.0019, 0.4686, 0.8834
64.8847, 102.0626, 61.1842, 0.0021, 0.5903, 0.8072
66.1424, 107.9538, 56.7230, 0.0016, 0.6666, 0.7454
66.7835, 110.6108, 54.0660, 0.0034, 0.7092, 0.7050
66.7885, 111.4582, 54.8838, 0.0003, 0.6996, 0.7145
67.7010, 115.3787, 51.1182, -0.0308, 0.6406, 0.7673
71.6266, 114.7567, 51.6009, -0.0406, 0.5504, 0.8339
70.2082, 108.7653, 57.5768, -0.0014, 0.6560, 0.7547
68.9485, 102.7746, 62.1222, -0.0006, 0.5883, 0.8086
67.0624, 93.1886, 68.0158, -0.0025, 0.4370, 0.8995
65.8049, 86.2741, 70.9455, -0.0005, 0.3574, 0.9339
63.9450, 75.6703, 74.0793, -0.0030, 0.2147, 0.9767
62.6612, 68.1117, 75.4722, -0.0001, 0.1276, 0.9918
61.3762, 60.4299, 75.9252, 0.0009, 0.0352, 0.9994
59.5174, 49.3875, 75.4248, -0.0008, -0.1307, 0.9914
58.2599, 42.0178, 74.0133, -0.0001, -0.2221, 0.9750
56.3737, 31.2360, 70.8028, -0.0007, -0.3593, 0.9332
54.4962, 21.2328, 65.7977, -0.0031, -0.5069, 0.8620
53.2292, 14.7542, 61.8812, 0.0026, -0.5689, 0.8224
52.2869, 10.4230, 58.2888, 0.0202, -0.5589, 0.8290
48.3697, 11.0735, 58.7984, 0.0357, -0.4793, 0.8769
50.4225, 21.1334, 65.7376, -0.0009, -0.5054, 0.8629
52.3089, 31.1827, 70.7862, 0.0010, -0.3629, 0.9318
54.1952, 41.9650, 74.0036, 0.0009, -0.2093, 0.9778
55.4526, 49.3323, 75.4214, 0.0011, -0.1178, 0.9930
57.3190, 60.4297, 75.9252, 0.0018, 0.0337, 0.9994
58.5964, 68.0577, 75.4821, 0.0007, 0.1263, 0.9920
59.8539, 75.4363, 74.1300, -0.0011, 0.2161, 0.9764
61.7401, 86.2244, 70.9679, 0.0012, 0.3738, 0.9275
62.9975, 93.1403, 68.0450, 0.0018, 0.4657, 0.8849
64.8676, 102.6421, 62.2260, 0.0018, 0.5868, 0.8097
66.1381, 108.7005, 57.6415, 0.0016, 0.6659, 0.7460
66.7885, 111.4582, 54.8838, 0.0003, 0.6996, 0.7145
66.7858, 112.2552, 55.7522, 0.0028, 0.7083, 0.7059
67.6092, 115.8413, 52.2964, -0.0848, 0.4960, 0.8642
71.5325, 115.2118, 52.7955, -0.0268, 0.6133, 0.7894
70.2106, 109.5519, 58.4554, -0.0046, 0.6473, 0.7622
68.9490, 103.4597, 63.0813, -0.0008, 0.5860, 0.8103
67.0631, 93.7266, 69.0665, -0.0022, 0.4394, 0.8983
65.8055, 86.7053, 72.0427, -0.0004, 0.3588, 0.9334
63.9794, 76.1671, 75.1753, -0.0025, 0.2177, 0.9760
62.6618, 68.2617, 76.6419, 0.0002, 0.1290, 0.9916
61.3421, 60.2187, 77.1176, 0.0006, 0.0324, 0.9995
59.5181, 49.2471, 76.5959, -0.0007, -0.1289, 0.9917
58.2605, 41.7628, 75.1637, -0.0001, -0.2210, 0.9753
56.3744, 30.8134, 71.9045, -0.0008, -0.3634, 0.9316
54.5089, 20.7251, 66.8667, -0.0033, -0.5117, 0.8591
53.2297, 14.0736, 62.8458, 0.0024, -0.5655, 0.8248
52.3789, 10.1110, 59.5402, 0.0605, -0.4526, 0.8897
48.4649, 10.7803, 60.0646, 0.0260, -0.5083, 0.8608
50.4218, 20.5368, 66.7529, -0.0007, -0.5046, 0.8634
52.3082, 30.7412, 71.8820, 0.0013, -0.3646, 0.9312
54.1945, 41.6906, 75.1505, 0.0010, -0.2111, 0.9775
55.4519, 49.1721, 76.5914, 0.0008, -0.1225, 0.9925
57.2932, 60.2665, 77.1147, 0.0016, 0.0298, 0.9996
58.5957, 68.1883, 76.6553, 0.0004, 0.1235, 0.9923
59.8533, 75.6814, 75.2822, -0.0012, 0.2144, 0.9768
61.7394, 86.6377, 72.0732, 0.0012, 0.3715, 0.9284
62.9968, 93.6613, 69.1060, 0.0016, 0.4623, 0.8867
64.8472, 103.2026, 63.2828, 0.0016, 0.5823, 0.8130
66.1335, 109.4457, 58.5616, -0.0015, 0.6489, 0.7609
66.7858, 112.2552, 55.7522, 0.0028, 0.7083, 0.7059
66.7941, 113.1025, 56.5701, 0.0028, 0.7092, 0.7050
67.5116, 116.2112, 53.4614, -0.0496, 0.6139, 0.7878
71.4263, 115.6117, 54.0609, -0.0181, 0.6465, 0.7627
70.2130, 110.3386, 59.3340, -0.0066, 0.6396, 0.7687
68.9495, 104.1449, 64.0404, -0.0009, 0.5837, 0.8120
67.0638, 94.2646, 70.1172, -0.0019, 0.4418, 0.8971
65.8062, 87.1366, 73.1399, -0.0003, 0.3603, 0.9328
64.0137, 76.6639, 76.2714, -0.0024, 0.2200, 0.9755
62.6625, 68.4117, 77.8115, 0.0006, 0.1304, 0.9915
61.3081, 60.0075, 78.3101, 0.0003, 0.0295, 0.9996
59.5187, 49.1066, 77.7671, -0.0007, -0.1270, 0.9919
58.2612, 41.5078, 76.3141, -0.0001, -0.2198, 0.9756
56.3750, 30.3908, 73.0061, -0.0009, -0.3676, 0.9300
55.0225, 22.7716, 69.4573, -0.0013, -0.4675, 0.8840
53.2302, 13.3931, 63.8103, 0.0039, -0.5594, 0.8289
52.4851, 9.8819, 60.8565, 0.0253, -0.5372, 0.8431
48.5719, 10.5563, 61.3850, 0.0162, -0.5474, 0.8367
49.7302, 16.2493, 65.5969, 0.0039, -0.5269, 0.8499
50.9951, 22.9428, 69.5343, 0.0030, -0.4470, 0.8945
52.3075, 30.2998, 72.9778, 0.0016, -0.3663, 0.9305
54.1938, 41.4162, 76.2973, 0.0010, -0.2129, 0.9771
55.4512, 49.0119, 77.7614, 0.0006, -0.1274, 0.9919
57.2674, 60.1033, 78.3043, 0.0013, 0.0258, 0.9997
58.5950, 68.3188, 77.8285, 0.0001, 0.1206, 0.9927
59.8526, 75.9265, 76.4344, -0.0012, 0.2125, 0.9772
61.7388, 87.0509, 73.1785, 0.0012, 0.3691, 0.9294
62.9962, 94.1824, 70.1669, 0.0015, 0.4587, 0.8886
64.8267, 103.7630, 64.3396, 0.0013, 0.5777, 0.8163
66.1288, 110.1909, 59.4817, -0.0032, 0.6395, 0.7688
66.7941, 113.1025, 56.5701, 0.0028, 0.7092, 0.7050
66.8024, 113.9499, 57.3880, 0.0057, 0.7074, 0.7068
67.3937, 116.5480, 54.7898, -0.0206, 0.6496, 0.7600
71.3076, 115.9441, 55.3938, -0.0093, 0.6633, 0.7483
70.2155, 111.1252, 60.2126, -0.0087, 0.6318, 0.7751
68.9500, 104.8300, 64.9995, -0.0011, 0.5813, 0.8137
67.0644, 94.8027, 71.1679, -0.0016, 0.4444, 0.8958
65.8069, 87.5678, 74.2371, -0.0002, 0.3619, 0.9322
64.0481, 77.1607, 77.3675, -0.0023, 0.2223, 0.9750
62.6632, 68.5617, 78.9812, 0.0010, 0.1319, 0.9913
61.2740, 59.7964, 79.5025, 0.0001, 0.0265, 0.9996
59.5194, 48.9662, 78.9383, -0.0006, -0.1250, 0.9922
58.2619, 41.2528, 77.4645, -0.0001, -0.2185, 0.9758
56.3757, 29.9682, 74.1078, -0.0010, -0.3719, 0.9283
54.9895, 22.0275, 70.4137, -0.0017, -0.4742, 0.8804
53.2306, 12.7125, 64.7748, -0.0052, -0.6844, 0.7291
52.6039, 9.7293, 62.2329, 0.0168, -0.5606, 0.8279
48.6918, 10.4102, 62.7663, 0.0106, -0.5559, 0.8312
49.7071, 15.4643, 66.5199, 0.0292, -0.4997, 0.8657
50.9750, 22.2717, 70.5236, 0.0036, -0.4436, 0.8962
52.3068, 29.8583, 74.0736, -0.0004, -0.3611, 0.9325
54.1931, 41.1418, 77.4442, 0.0011, -0.2148, 0.9766
55.4506, 48.8517, 78.9313, 0.0003, -0.1325, 0.9912
57.2417, 59.9401, 79.4938, 0.0010, 0.0217, 0.9998
58.5944, 68.4494, 79.0017, -0.0002, 0.1177, 0.9931
59.8519, 76.1716, 77.5866, -0.0012, 0.2107, 0.9776
61.7381, 87.4641, 74.2838, 0.0012, 0.3666, 0.9304
62.9955, 94.7035, 71.2279, 0.0014, 0.4550, 0.8905
64.8063, 104.3234, 65.3964, 0.0010, 0.5731, 0.8195
66.1242, 110.9361, 60.4018, -0.0048, 0.6299, 0.7766
66.8024, 113.9499, 57.3880, 0.0057, 0.7074, 0.7068
66.8107, 114.7972, 58.2059, -0.0038, 0.6845, 0.7290
67.2605, 116.8012, 56.2019, -0.0138, 0.6690, 0.7432
71.1717, 116.1824, 56.8207, -0.0204, 0.5931, 0.8049
70.2179, 111.9118, 61.0913, 0.0023, 0.6884, 0.7253
68.9505, 105.5151, 65.9586, -0.0013, 0.5789, 0.8154
67.0651, 95.3407, 72.2186, -0.0013, 0.4471, 0.8945
65.8075, 87.9990, 75.3343, -0.0002, 0.3634, 0.9316
64.0824, 77.6575, 78.4636, -0.0022, 0.2247, 0.9744
62.6638, 68.7117, 80.1508, 0.0014, 0.1335, 0.9911
61.2400, 59.5852, 80.6949, -0.0002, 0.0234, 0.9997
59.5201, 48.8257, 80.1094, -0.0005, -0.1229, 0.9924
58.2625, 40.9978, 78.6149, -0.0000, -0.2173, 0.9761
56.3764, 29.5456, 75.2095, -0.0010, -0.3762, 0.9265
54.9564, 21.2835, 71.3701, -0.0021, -0.4808, 0.8768
53.2311, 12.0319, 65.7393, 0.0190, -0.5549, 0.8317
52.7387, 9.6733, 63.6849, 0.0072, -0.5938, 0.8046
48.8295, 10.3720, 64.2322, 0.0212, -0.4892, 0.8719
49.6840, 14.6792, 67.4430, 0.0191, -0.4973, 0.8674
50.9549, 21.6007, 71.5129, 0.0043, -0.4401, 0.8980
52.3062, 29.4168, 75.1694, -0.0008, -0.3610, 0.9326
54.1925, 40.8675, 78.5910, 0.0012, -0.2168, 0.9762
55.4499, 48.6915, 80.1013, -0.0000, -0.1378, 0.9905
57.2159, 59.7769, 80.6834, 0.0007, 0.0175, 0.9998
58.5937, 68.5800, 80.1749, -0.0005, 0.1146, 0.9934
59.8513, 76.4167, 78.7388, -0.0012, 0.2087, 0.9780
61.7374, 87.8773, 75.3891, 0.0012, 0.3640, 0.9314
62.9949, 95.2246, 72.2888, 0.0012, 0.4512, 0.8924
64.7858, 104.8839, 66.4531, 0.0007, 0.5685, 0.8227
66.1196, 111.6813, 61.3218, 0.0073, 0.6896, 0.7241
66.8107, 114.7972, 58.2059, -0.0038, 0.6845, 0.7290
66.8190, 115.6446, 59.0238, -0.0358, 0.6257, 0.7793
67.1103, 116.9609, 57.7075, -0.0172, 0.6529, 0.7572
71.0190, 116.3283, 58.3401, -0.0107, 0.6537, 0.7567
70.2203, 112.6985, 61.9699, -0.0152, 0.6230, 0.7820
68.9509, 106.2002, 66.9177, -0.0015, 0.5764, 0.8171
67.0658, 95.8787, 73.2694, -0.0010, 0.4498, 0.8931
65.8082, 88.4302, 76.4315, -0.0001, 0.3651, 0.9310
64.4591, 80.1104, 79.0712, -0.0005, 0.2653, 0.9642
62.4964, 67.6734, 81.3922, -0.0026, 0.0952, 0.9955
61.2059, 59.3740, 81.8874, -0.0005, 0.0203, 0.9998
59.5207, 48.6852, 81.2806, -0.0004, -0.1208, 0.9927
57.6344, 36.8410, 78.7162, -0.0024, -0.2788, 0.9603
56.3770, 29.1230, 76.3112, -0.0011, -0.3806, 0.9247
54.9234, 20.5394, 72.3265, -0.0025, -0.4875, 0.8731
53.2316, 11.3513, 66.7039, 0.0233, -0.5499, 0.8349
52.8913, 9.7260, 65.2220, 0.0222, -0.5742, 0.8184
48.9849, 10.4420, 65.7829, 0.0074, -0.5616, 0.8274
49.6610, 13.8942, 68.3660, 0.0229, -0.4894, 0.8718
50.9348, 20.9296, 72.5021, -0.0061, -0.4994, 0.8663
52.3055, 28.9753, 76.2651, 0.0025, -0.3678, 0.9299
54.1918, 40.5931, 79.7378, 0.0012, -0.2189, 0.9758
55.4492, 48.5313, 81.2713, -0.0003, -0.1433, 0.9897
57.1901, 59.6137, 81.8729, 0.0004, 0.0132, 0.9999
58.5930, 68.7105, 81.3481, -0.0009, 0.1114, 0.9938
59.8506, 76.6618, 79.8910, -0.0012, 0.2067, 0.9784
61.7368, 88.2905, 76.4944, 0.0012, 0.3613, 0.9325
62.9942, 95.7456, 73.3498, 0.0010, 0.4472, 0.8944
64.7654, 105.4443, 67.5099, 0.0005, 0.5638, 0.8259
66.1150, 112.4264, 62.2419, 0.0040, 0.6808, 0.7324
66.8190, 115.6446, 59.0238, -0.0358, 0.6257, 0.7793
66.8273, 116.4919, 59.8417, -0.0138, 0.6578, 0.7531
66.9393, 117.0053, 59.3283, -0.0126, 0.6655, 0.7463
70.8440, 116.3504, 59.9832, -0.0041, 0.6727, 0.7399
70.2227, 113.4851, 62.8485, -0.0178, 0.6161, 0.7875
68.9514, 106.8853, 67.8768, -0.0017, 0.5739, 0.8189
67.0665, 96.4167, 74.3201, -0.0007, 0.4526, 0.8917
65.8089, 88.8614, 77.5287, -0.0000, 0.3668, 0.9303
64.4439, 80.3240, 80.2380, -0.0005, 0.2627, 0.9649
62.6652, 69.0117, 82.4901, 0.0000, 0.1249, 0.9922
60.8821, 57.4563, 83.0629, -0.0031, -0.0246, 0.9997
59.5214, 48.5448, 82.4518, -0.0003, -0.1186, 0.9929
58.2639, 40.4879, 80.9157, -0.0000, -0.2146, 0.9767
56.3777, 28.7004, 77.4128, 0.0012, -0.3495, 0.9370
54.8904, 19.7953, 73.2829, -0.0199, -0.5694, 0.8218
53.0657, 9.9128, 66.8642, 0.0351, -0.5909, 0.8060
49.1645, 10.6601, 67.4497, 0.0092, -0.5395, 0.8420
50.9146, 20.2586, 73.4914, -0.0074, -0.5071, 0.8619
52.3048, 28.5338, 77.3609, 0.0028, -0.3691, 0.9294
53.5624, 36.3664, 79.8017, -0.0008, -0.2804, 0.9599
55.4486, 48.3712, 82.4413, -0.0006, -0.1489, 0.9888
57.1643, 59.4505, 83.0624, 0.0001, 0.0087, 1.0000
58.5923, 68.8411, 82.5213, 0.0019, 0.1267, 0.9919
60.4354, 80.5937, 80.1539, 0.0002, 0.2595, 0.9657
61.7361, 88.7037, 77.5997, 0.0012, 0.3584, 0.9336
62.9935, 96.2667, 74.4108, 0.0009, 0.4430, 0.8965
64.7449, 106.0047, 68.5667, 0.0002, 0.5591, 0.8291
66.1103, 113.1716, 63.1620, -0.0098, 0.6008, 0.7994
66.8273, 116.4919, 59.8417, -0.0138, 0.6578, 0.7531
66.7391, 116.8887, 61.1101, -0.0297, 0.6290, 0.7768
66.1057, 113.9168, 64.0821, -0.0114, 0.5909, 0.8067
64.7245, 106.5652, 69.6235, -0.0001, 0.5544, 0.8322
62.9929, 96.7878, 75.4717, 0.0007, 0.4387, 0.8986
61.7354, 89.1169, 78.7050, 0.0012, 0.3555, 0.9347
60.4284, 80.8525, 81.3067, 0.0001, 0.2562, 0.9666
58.5917, 68.9717, 83.6945, 0.0020, 0.1263, 0.9920
57.1385, 59.2873, 84.2520, -0.0002, 0.0041, 1.0000
55.4479, 48.2110, 83.6113, -0.0009, -0.1549, 0.9879
53.9466, 38.6579, 81.6545, 0.0000, -0.2527, 0.9676
52.3041, 28.0924, 78.4567, 0.0032, -0.3704, 0.9289
50.8945, 19.5875, 74.4806, -0.0087, -0.5148, 0.8573
49.3755, 11.0704, 69.2670, 0.0163, -0.5398, 0.8417
53.2952, 10.3487, 68.8497, 0.0245, -0.5323, 0.8462
54.8574, 19.0513, 74.2393, -0.0229, -0.5868, 0.8094
56.3783, 28.2778, 78.5145, 0.0016, -0.3483, 0.9374
58.2645, 40.2329, 82.0661, -0.0000, -0.2131, 0.9770
59.5221, 48.4043, 83.6229, -0.0002, -0.1162, 0.9932
60.8980, 57.5395, 84.2583, -0.0031, -0.0214, 0.9998
62.6658, 69.1617, 83.6597, 0.0001, 0.1246, 0.9922
64.4288, 80.5377, 81.4048, -0.0006, 0.2599, 0.9656
65.8096, 89.2926, 78.6259, 0.0001, 0.3686, 0.9296
67.0671, 96.9547, 75.3708, -0.0003, 0.4556, 0.8902
68.5062, 105.2302, 70.4945, -0.0121, 0.5040, 0.8636
70.2251, 114.2717, 63.7271, 0.0031, 0.6857, 0.7279
70.6392, 116.2091, 61.7897, -0.0037, 0.6578, 0.7532
66.7391, 116.8887, 61.1101, -0.0297, 0.6290, 0.7768
66.5026, 116.5742, 63.0899, 0.0030, 0.6875, 0.7261
70.3964, 115.8600, 63.8042, -0.0021, 0.6731, 0.7396
68.5303, 106.0171, 71.4111, -0.0134, 0.5006, 0.8655
67.0678, 97.4927, 76.4215, 0.0000, 0.4587, 0.8886
65.8102, 89.7238, 79.7232, 0.0002, 0.3704, 0.9289
64.4136, 80.7513, 82.5716, -0.0007, 0.2571, 0.9664
62.6665, 69.3117, 84.8293, 0.0002, 0.1243, 0.9922
60.9140, 57.6227, 85.4537, -0.0030, -0.0180, 0.9998
59.5227, 48.2639, 84.7941, -0.0000, -0.1138, 0.9935
58.2652, 39.9779, 83.2165, -0.0000, -0.2117, 0.9773
56.3790, 27.8552, 79.6162, 0.0019, -0.3471, 0.9378
54.8244, 18.3072, 75.1957, -0.0259, -0.6040, 0.7966
53.5055, 10.8788, 70.5461, 0.0114, -0.4932, 0.8698
49.6199, 11.7143, 71.2116, 0.0331, -0.4600, 0.8873
50.8744, 18.9165, 75.4699, -0.0101, -0.5226, 0.8525
52.3035, 27.6509, 79.5525, 0.0036, -0.3718, 0.9283
53.9956, 38.6656, 82.8780, 0.0003, -0.2495, 0.9684
55.4472, 48.0508, 84.7812, -0.0013, -0.1610, 0.9869
57.1127, 59.1241, 85.4415, -0.0005, -0.0006, 1.0000
58.5910, 69.1023, 84.8677, 0.0022, 0.1259, 0.9920
60.4214, 81.1113, 82.4594, -0.0000, 0.2528, 0.9675
61.7348, 89.5301, 79.8103, 0.0011, 0.3524, 0.9358
62.9922, 97.3088, 76.5327, 0.0005, 0.4342, 0.9008
64.7040, 107.1256, 70.6803, -0.0004, 0.5497, 0.8354
66.5026, 116.5742, 63.0899, 0.0030, 0.6875, 0.7261
66.2053, 115.9330, 65.3964, 0.0021, 0.6908, 0.7230
70.1279, 115.2560, 65.8680, -0.0310, 0.5521, 0.8332
68.5544, 106.8039, 72.3277, -0.0146, 0.4973, 0.8675
67.0685, 98.0307, 77.4722, 0.0004, 0.4619, 0.8870
65.8109, 90.1550, 80.8204, 0.0002, 0.3724, 0.9281
64.3984, 80.9649, 83.7383, -0.0008, 0.2542, 0.9671
62.6672, 69.4617, 85.9990, 0.0003, 0.1240, 0.9923
60.9299, 57.7058, 86.6490, -0.0030, -0.0146, 0.9999
59.5234, 48.1234, 85.9653, 0.0001, -0.1113, 0.9938
58.2659, 39.7229, 84.3669, -0.0000, -0.2101, 0.9777
56.3797, 27.4326, 80.7179, 0.0023, -0.3458, 0.9383
54.7914, 17.5631, 76.1521, -0.0289, -0.6210, 0.7833
53.7549, 11.6688, 72.3996, 0.0130, -0.4975, 0.8674
49.8478, 12.4619, 72.8790, 0.0146, -0.4723, 0.8813
50.8543, 18.2454, 76.4592, -0.0114, -0.5304, 0.8477
52.3028, 27.2094, 80.6483, 0.0040, -0.3733, 0.9277
54.0445, 38.6732, 84.1015, 0.0007, -0.2461, 0.9692
55.4466, 47.8906, 85.9512, -0.0016, -0.1674, 0.9859
56.9458, 58.1296, 86.6218, -0.0018, -0.0251, 0.9997
58.5903, 69.2328, 86.0409, 0.0024, 0.1255, 0.9921
60.4143, 81.3700, 83.6121, -0.0001, 0.2492, 0.9685
61.7341, 89.9433, 80.9156, 0.0011, 0.3493, 0.9370
62.9915, 97.8299, 77.5936, 0.0003, 0.4294, 0.9031
64.6836, 107.6860, 71.7371, -0.0007, 0.5449, 0.8385
66.2053, 115.9330, 65.3964, 0.0021, 0.6908, 0.7230
65.9233, 115.1113, 67.4156, -0.0380, 0.5320, 0.8459
67.0470, 114.7063, 67.8489, -0.1463, -0.4236, 0.8940
69.8321, 114.3895, 67.9811, -0.0068, 0.5835, 0.8121
68.5785, 107.5907, 73.2443, -0.0222, 0.4691, 0.8829
67.0692, 98.5688, 78.5229, 0.0014, 0.4702, 0.8826
65.8116, 90.5862, 81.9176, 0.0005, 0.3773, 0.9261
64.3832, 81.1786, 84.9051, -0.0004, 0.2515, 0.9679
62.6678, 69.6117, 87.1686, 0.0004, 0.1214, 0.9926
60.9458, 57.7890, 87.8444, -0.0038, -0.0166, 0.9999
59.5241, 47.9830, 87.1365, 0.0004, -0.1048, 0.9945
58.2665, 39.4679, 85.5173, -0.0000, -0.2062, 0.9785
56.3803, 27.0100, 81.8195, 0.0034, -0.3445, 0.9388
54.7584, 16.8190, 77.1085, -0.0181, -0.6122, 0.7905
54.0660, 12.8609, 74.4962, 0.0105, -0.4896, 0.8719
50.1630, 13.6797, 74.9912, 0.0040, -0.4836, 0.8753
50.8342, 17.5744, 77.4484, -0.0156, -0.5478, 0.8364
52.3021, 26.7679, 81.7441, 0.0053, -0.3766, 0.9264
54.1885, 39.2211, 85.4720, 0.0018, -0.2348, 0.9720
55.4459, 47.7304, 87.1212, -0.0025, -0.1838, 0.9830
56.9698, 58.2600, 87.8146, -0.0023, -0.0268, 0.9996
58.5897, 69.3634, 87.2141, 0.0030, 0.1239, 0.9923
60.4073, 81.6288, 84.7648, 0.0005, 0.2483, 0.9687
61.7334, 90.3565, 82.0209, 0.0011, 0.3401, 0.9404
62.9909, 98.3510, 78.6546, -0.0001, 0.4168, 0.9090
64.6631, 108.2465, 72.7939, 0.0071, -0.6189, -0.7854
65.9233, 115.1113, 67.4156, -0.0380, 0.5320, 0.8459
65.5021, 113.5488, 70.1356, -0.0160, 0.5985, 0.8009
69.3945, 112.7323, 70.7753, -0.0041, 0.5636, 0.8260
68.6026, 108.3776, 74.1609, -0.0197, 0.4805, 0.8768
67.0698, 99.1068, 79.5736, 0.0014, 0.4709, 0.8822
65.8122, 91.0174, 83.0148, 0.0005, 0.3779, 0.9259
64.3680, 81.3922, 86.0719, -0.0007, 0.2483, 0.9687
62.6685, 69.7617, 88.3382, 0.0005, 0.1223, 0.9925
60.9617, 57.8722, 89.0397, -0.0033, -0.0097, 0.9999
59.5248, 47.8425, 88.3076, 0.0004, -0.1041, 0.9946
58.2672, 39.2129, 86.6677, -0.0000, -0.2057, 0.9786
56.3810, 26.5875, 82.9212, 0.0035, -0.3429, 0.9394
54.7254, 16.0750, 78.0649, -0.0357, -0.6619, 0.7487
54.5098, 14.8934, 77.1009, 0.0394, -0.5053, 0.8621
54.2518, 15.5376, 77.6726, 0.4676, 0.8684, 0.1647
51.8304, 15.9802, 77.8769, 0.1042, 0.6835, 0.7224
50.6254, 15.8288, 77.6664, -0.0149, -0.5097, 0.8602
52.3014, 26.3264, 82.8399, 0.0053, -0.3773, 0.9261
54.1878, 38.9468, 86.6189, 0.0018, -0.2352, 0.9720
55.4452, 47.5702, 88.2912, -0.0026, -0.1856, 0.9826
56.9939, 58.3905, 89.0074, -0.0021, -0.0239, 0.9997
58.5890, 69.4940, 88.3873, 0.0030, 0.1241, 0.9923
60.3542, 81.6245, 85.9829, -0.0027, 0.2144, 0.9767
61.7328, 90.7698, 83.1262, 0.0011, 0.3396, 0.9406
62.9902, 98.8721, 79.7155, -0.0002, 0.4159, 0.9094
64.6427, 108.8069, 73.8506, 0.0083, -0.6362, -0.7715
65.5021, 113.5488, 70.1356, -0.0160, 0.5985, 0.8009
