J1 J2 J3 J5 J6
-3.2422 31.862 40.4816 -0.0 -10.3873
-7.9366 33.8677 43.6613 -0.0 -25.6708
-13.3719 39.9126 51.7637 -0.0 -49.6524
-10.9868 37.7921 47.8939 -0.5209 -33.2901
-11.8047 39.4128 49.3172 -0.521 -33.2885
-13.6622 40.2512 52.413 0.1419 -52.7127
-6.7456 32.8962 42.4027 -0.0 -23.0038
-0.4708 31.4199 39.7517 -0.0 -0.6303
2.6245 31.614 40.0999 0.0116 7.7064
8.9924 34.3689 44.5859 0.0199 30.093
12.6567 38.4747 50.0698 0.0245 45.4212
11.8041 38.5974 49.1636 0.521 33.2885
11.9984 37.1857 50.3966 0.521 33.2885
12.1993 35.7946 51.6038 0.521 33.2885
12.4069 34.422 52.7866 0.521 33.2885
12.6218 33.606 54.4574 0.521 33.2885
12.8442 32.2813 55.6118 0.521 33.2885
13.0747 30.9702 56.7461 0.521 33.2885
13.3135 29.671 57.8612 0.521 33.2885
13.5612 28.382 58.9577 0.521 33.2885
13.5612 28.382 58.9577 0.521 33.2885
15.7226 30.1709 62.3092 -0.1419 52.7127
7.7519 20.3172 49.8586 -0.0 23.0038
0.5409 18.3577 46.6676 -0.0 0.6303
-3.0148 18.6249 47.0807 -0.0116 -7.7064
-10.336 22.2755 52.5393 -0.0199 -30.093
-14.5581 27.7267 59.4033 -0.0245 -45.4212
-13.5612 28.077 58.1161 -0.521 -33.2885
-13.3135 29.3894 57.0354 -0.521 -33.2885
-13.0747 30.7111 55.9347 -0.521 -33.2885
-12.8442 32.0437 54.8133 -0.521 -33.2885
-12.6218 33.9255 54.1778 -0.521 -33.2885
-12.4069 35.2696 52.997 -0.521 -33.2885
-12.1993 36.6315 51.7937 -0.521 -33.2885
-11.9984 38.0131 50.5664 -0.521 -33.2885
-11.8041 39.4168 49.3137 -0.521 -33.2885
-11.8047 39.4128 49.3172 -0.521 -33.2885
-11.8041 39.1664 49.0785 -0.521 -33.2885
-13.6028 39.8738 52.0215 0.1399 -52.1079
-6.7394 32.7323 42.1924 -0.0 -22.7441
-0.5741 31.2965 39.5991 -0.0 -0.7621
2.6798 31.482 39.9456 0.0231 7.6779
8.9422 34.1475 44.3152 0.033 29.6773
12.5786 38.1252 49.6897 0.0404 44.8215
11.8041 38.356 48.9338 0.521 33.2885
11.9984 36.9375 50.1602 0.521 33.2885
12.1993 35.5392 51.3602 0.521 33.2885
12.4069 34.1588 52.5354 0.521 33.2885
12.6218 33.3227 54.1902 0.521 33.2885
12.8442 31.9889 55.3358 0.521 33.2885
13.0747 30.668 56.4606 0.521 33.2885
13.3135 29.3584 57.5657 0.521 33.2885
13.5612 28.0582 58.6514 0.521 33.2885
13.5612 28.0582 58.6514 0.521 33.2885
15.6535 29.6758 61.8053 -0.1399 52.1079
7.7446 20.1048 49.596 -0.0 22.7441
0.6595 18.1999 46.4771 -0.0 0.7621
-3.0784 18.4677 46.8818 -0.0231 -7.6779
-10.278 21.9977 52.1927 -0.033 -29.6773
-14.4676 27.2773 58.9092 -0.0404 -44.8215
-13.5612 27.7694 57.8217 -0.521 -33.2885
-13.3135 29.0924 56.7513 -0.521 -33.2885
-13.0747 30.4239 55.6601 -0.521 -33.2885
-12.8442 31.7657 54.5477 -0.521 -33.2885
-12.6218 33.6443 53.9126 -0.521 -33.2885
-12.4069 34.9969 52.7401 -0.521 -33.2885
-12.1993 36.3666 51.5444 -0.521 -33.2885
-11.9984 37.7557 50.3244 -0.521 -33.2885
-11.8041 39.1664 49.0785 -0.521 -33.2885
-11.8041 39.1664 49.0785 -0.521 -33.2885
-11.8041 38.9169 48.8426 -0.521 -33.2885
-10.8772 35.7333 46.616 -0.0072 -37.2055
-6.7326 32.572 41.9802 -0.0062 -22.4824
-0.6774 31.1763 39.4447 -0.0057 -0.8938
2.735 31.3505 39.791 0.0347 7.6488
8.8899 33.927 44.043 0.046 29.2539
12.4987 37.7792 49.3088 0.056 44.2182
11.8041 38.1155 48.7033 0.521 33.2885
11.9984 36.6902 49.923 0.521 33.2885
12.1993 35.2846 51.1158 0.521 33.2885
12.4069 33.8966 52.2836 0.521 33.2885
12.6218 33.0403 53.9221 0.521 33.2885
12.8442 31.6974 55.0588 0.521 33.2885
13.0747 30.3668 56.1743 0.521 33.2885
13.3135 29.0467 57.2691 0.521 33.2885
13.5612 27.7353 58.344 0.521 33.2885
13.5612 27.7353 58.344 0.521 33.2885
12.506 24.075 55.0616 0.0072 37.2055
7.7366 19.8912 49.3345 0.0062 22.4824
0.7781 18.0403 46.2877 0.0057 0.8938
-3.1418 18.3114 46.6828 -0.0347 -7.6488
-10.2176 21.7214 51.845 -0.046 -29.2539
-14.375 26.8326 58.4149 -0.056 -44.2182
-13.5612 27.4627 57.5263 -0.521 -33.2885
-13.3135 28.7963 56.4663 -0.521 -33.2885
-13.0747 30.1376 55.3847 -0.521 -33.2885
-12.8442 31.4886 54.2812 -0.521 -33.2885
-12.6218 33.364 53.6465 -0.521 -33.2885
-12.4069 34.725 52.4822 -0.521 -33.2885
-12.1993 36.1026 51.2942 -0.521 -33.2885
-11.9984 37.4992 50.0816 -0.521 -33.2885
-11.8041 38.9169 48.8426 -0.521 -33.2885
-11.8041 38.9169 48.8426 -0.521 -33.2885
-11.8041 38.6682 48.6057 -0.521 -33.2885
-10.8082 35.4643 46.2874 -0.0071 -36.6936
-6.7274 32.4111 41.7713 -0.0062 -22.228
-0.7807 31.0542 39.2919 -0.0057 -1.0257
2.7901 31.2196 39.6361 0.0462 7.6196
8.8367 33.7086 43.7712 0.0589 28.8282
12.4161 37.4354 48.9255 0.0712 43.6064
11.8041 37.8759 48.4721 0.521 33.2885
11.9984 36.4437 49.6849 0.521 33.2885
12.1993 35.0309 50.8707 0.521 33.2885
12.4069 33.6352 52.0308 0.521 33.2885
12.6218 32.7588 53.6531 0.521 33.2885
12.8442 31.4068 54.7809 0.521 33.2885
13.0747 30.0665 55.8869 0.521 33.2885
13.3135 28.736 56.9717 0.521 33.2885
13.5612 27.4135 58.0357 0.521 33.2885
13.5612 27.4135 58.0357 0.521 33.2885
12.4262 23.7222 54.6466 0.0071 36.6936
7.7305 19.6828 49.0742 0.0062 22.228
0.8968 17.8841 46.0972 0.0057 1.0257
-3.2051 18.1558 46.4837 -0.0462 -7.6196
-10.1562 21.4478 51.4981 -0.0589 -28.8282
-14.2794 26.3909 57.9184 -0.0712 -43.6064
-13.5612 27.157 57.2301 -0.521 -33.2885
-13.3135 28.5011 56.1804 -0.521 -33.2885
-13.0747 29.8523 55.1085 -0.521 -33.2885
-12.8442 31.2125 54.0141 -0.521 -33.2885
-12.6218 33.0846 53.3796 -0.521 -33.2885
-12.4069 34.454 52.2234 -0.521 -33.2885
-12.1993 35.8395 51.0432 -0.521 -33.2885
-11.9984 37.2435 49.8379 -0.521 -33.2885
-11.8041 38.6682 48.6057 -0.521 -33.2885
-11.8041 38.6682 48.6057 -0.521 -33.2885
-11.8041 38.4204 48.368 -0.521 -33.2885
-10.7378 35.198 45.9586 -0.0071 -36.1779
-6.7196 32.2502 41.5604 -0.0062 -21.9632
-0.8854 30.9327 39.139 -0.0057 -1.1632
1.5042 30.9272 39.2078 0.0574 3.566
7.4711 32.6369 42.1907 0.0689 23.9172
12.3291 37.0919 48.5372 0.0862 42.9777
11.8041 37.6371 48.24 0.521 33.2885
11.9984 36.1981 49.4462 0.521 33.2885
12.1993 34.7781 50.6248 0.521 33.2885
12.4069 33.3746 51.7773 0.521 33.2885
12.6218 32.4783 53.3832 0.521 33.2885
12.8442 31.1172 54.5022 0.521 33.2885
13.0747 29.7673 55.5988 0.521 33.2885
13.3135 28.4264 56.6734 0.521 33.2885
13.5612 27.0927 57.7265 0.521 33.2885
13.5612 27.0927 57.7265 0.521 33.2885
12.3448 23.3727 54.2319 0.0071 36.1779
7.7215 19.4745 48.8118 0.0062 21.9632
1.0171 17.7288 45.9068 0.0057 1.1632
-1.7279 17.7895 45.9552 -0.0574 -3.566
-8.5851 20.0503 49.5477 -0.0689 -23.9172
-14.1786 25.9497 57.4164 -0.0862 -42.9777
-13.5612 26.8523 56.9331 -0.521 -33.2885
-13.3135 28.2069 55.8937 -0.521 -33.2885
-13.0747 29.5679 54.8315 -0.521 -33.2885
-12.8442 30.9372 53.746 -0.521 -33.2885
-12.6218 32.8062 53.1118 -0.521 -33.2885
-12.4069 34.1839 51.9638 -0.521 -33.2885
-12.1993 35.5774 50.7914 -0.521 -33.2885
-11.9984 36.9887 49.5933 -0.521 -33.2885
-11.8041 38.4204 48.368 -0.521 -33.2885
-11.8041 38.4204 48.368 -0.521 -33.2885
-11.8041 38.1736 48.1296 -0.521 -33.2885
-10.6665 34.9347 45.6303 -0.0071 -35.661
-6.7129 32.0912 41.351 -0.0062 -21.7035
-0.9887 30.8119 38.986 -0.0057 -1.2951
1.5841 30.8004 39.0573 0.0689 3.6064
7.4385 32.4534 41.9572 0.0813 23.5709
12.2403 36.7522 48.1484 0.1008 42.3455
11.8041 37.3991 48.0072 0.521 33.2885
11.9984 35.9533 49.2066 0.521 33.2885
12.1993 34.5261 50.3781 0.521 33.2885
12.4069 33.115 51.523 0.521 33.2885
12.6218 32.1988 53.1125 0.521 33.2885
12.8442 30.8287 54.2227 0.521 33.2885
13.0747 29.469 55.3096 0.521 33.2885
13.3135 28.1178 56.3741 0.521 33.2885
13.5612 26.773 57.4164 0.521 33.2885
13.5612 26.773 57.4164 0.521 33.2885
12.2623 23.0274 53.8185 0.0071 35.661
7.7136 19.2685 48.5511 0.0062 21.7035
1.1358 17.5743 45.7163 0.0057 1.2951
-1.8197 17.6397 45.762 -0.0689 -3.6064
-8.5475 19.8239 49.2508 -0.0813 -23.5709
-14.0758 25.5137 56.9149 -0.1008 -42.3455
-13.5612 26.5486 56.6353 -0.521 -33.2885
-13.3135 27.9137 55.6062 -0.521 -33.2885
-13.0747 29.2844 54.5536 -0.521 -33.2885
-12.8442 30.6629 53.4772 -0.521 -33.2885
-12.6218 32.5288 52.8432 -0.521 -33.2885
-12.4069 33.9148 51.7033 -0.521 -33.2885
-12.1993 35.3161 50.5386 -0.521 -33.2885
-11.9984 36.7349 49.3479 -0.521 -33.2885
-11.8041 38.1736 48.1296 -0.521 -33.2885
-11.8041 38.1736 48.1296 -0.521 -33.2885
-11.8041 37.9276 47.8902 -0.521 -33.2885
-10.5924 34.673 45.3004 -0.007 -35.1347
-6.7049 31.9327 41.1406 -0.0062 -21.4386
-1.0934 30.6917 38.8329 -0.0057 -1.4325
1.664 30.6769 38.905 0.0746 3.6464
7.405 32.2711 41.7236 0.0935 23.2218
12.1477 36.4141 47.7562 0.1151 41.7002
11.8041 37.1621 47.7738 0.521 33.2885
11.9984 35.7095 48.9664 0.521 33.2885
12.1993 34.2751 50.1307 0.521 33.2885
12.4069 32.8563 51.268 0.521 33.2885
12.6218 31.9202 52.8409 0.521 33.2885
12.8442 30.5411 53.9422 0.521 33.2885
13.0747 29.1718 55.0197 0.521 33.2885
13.3135 27.8102 56.074 0.521 33.2885
13.5612 26.4543 57.1053 0.521 33.2885
13.5612 26.4543 57.1053 0.521 33.2885
12.1767 22.6842 53.4035 0.007 35.1347
7.7043 19.0635 48.2899 0.0062 21.4386
1.256 17.4207 45.526 0.0057 1.4325
-1.9114 17.488 45.5697 -0.0746 -3.6464
-8.5088 19.5993 48.9544 -0.0935 -23.2218
-13.9687 25.08 56.4101 -0.1151 -41.7002
-13.5612 26.2459 56.3367 -0.521 -33.2885
-13.3135 27.6215 55.318 -0.521 -33.2885
-13.0747 29.0019 54.275 -0.521 -33.2885
-12.8442 30.3895 53.2076 -0.521 -33.2885
-12.6218 32.2523 52.5736 -0.521 -33.2885
-12.4069 33.6467 51.4421 -0.521 -33.2885
-12.1993 35.0558 50.2851 -0.521 -33.2885
-11.9984 36.482 49.1017 -0.521 -33.2885
-11.8041 37.9276 47.8902 -0.521 -33.2885
-11.8041 37.9276 47.8902 -0.521 -33.2885
-11.8041 37.6826 47.6502 -0.521 -33.2885
-10.5168 34.4162 44.9685 -0.0139 -34.6039
-6.6968 31.7781 40.9289 -0.0123 -21.1737
-1.1997 30.5722 38.6798 -0.0057 -1.5759
1.7439 30.5513 38.754 0.0861 3.6868
7.3714 32.0905 41.4906 0.1057 22.8729
12.0523 36.079 47.3625 0.1292 41.0467
11.8041 36.9259 47.5395 0.521 33.2885
11.9984 35.4665 48.7254 0.521 33.2885
12.1993 34.0249 49.8825 0.521 33.2885
12.4069 32.5985 51.0122 0.521 33.2885
12.6218 31.6426 52.5685 0.521 33.2885
12.8442 30.2545 53.6609 0.521 33.2885
13.0747 28.8756 54.7289 0.521 33.2885
13.3135 27.5037 55.7729 0.521 33.2885
13.5612 26.1368 56.7934 0.521 33.2885
13.5612 26.1368 56.7934 0.521 33.2885
12.0893 22.3421 52.9902 0.0139 34.6039
7.6948 18.8575 48.0303 0.0123 21.1737
1.378 17.2679 45.3357 0.0057 1.5759
-2.0031 17.3397 45.3762 -0.0861 -3.6868
-8.47 19.3771 48.6591 -0.1057 -22.8729
-13.8584 24.6504 55.9041 -0.1292 -41.0467
-13.5612 25.9443 56.0373 -0.521 -33.2885
-13.3135 27.3303 55.0289 -0.521 -33.2885
-13.0747 28.7204 53.9956 -0.521 -33.2885
-12.8442 30.1171 52.9373 -0.521 -33.2885
-12.6218 31.9768 52.3033 -0.521 -33.2885
-12.4069 33.3795 51.18 -0.521 -33.2885
-12.1993 34.7965 50.0308 -0.521 -33.2885
-11.9984 36.23 48.8547 -0.521 -33.2885
-11.8041 37.6826 47.6502 -0.521 -33.2885
-11.8041 37.6826 47.6502 -0.521 -33.2885
-11.8041 37.4385 47.4092 -0.521 -33.2885
-10.4401 34.1602 44.6391 -0.0138 -34.0716
-6.6885 31.6222 40.7192 -0.0123 -20.9088
-1.3044 30.456 38.5249 -0.0115 -1.7133
1.8237 30.4262 38.6027 0.0976 3.7268
7.3362 31.9109 41.2571 0.1178 22.5185
11.9532 35.746 46.9659 0.1429 40.3805
11.8041 36.6905 47.3045 0.521 33.2885
11.9984 35.2244 48.4836 0.521 33.2885
12.1993 33.7756 49.6336 0.521 33.2885
12.4069 32.3417 50.7558 0.521 33.2885
12.6218 31.3661 52.2954 0.521 33.2885
12.8442 29.9689 53.3787 0.521 33.2885
13.0747 28.5804 54.4372 0.521 33.2885
13.3135 27.1983 55.4711 0.521 33.2885
13.5612 25.8204 56.4806 0.521 33.2885
13.5612 25.8204 56.4806 0.521 33.2885
12.0006 22.0066 52.5772 0.0138 34.0716
7.6851 18.6557 47.7701 0.0123 20.9088
1.4983 17.1133 45.1465 0.0115 1.7133
-2.0948 17.1923 45.1827 -0.0976 -3.7268
-8.4294 19.1564 48.3637 -0.1178 -22.5185
-13.7437 24.2237 55.3956 -0.1429 -40.3805
-13.5612 25.6437 55.7371 -0.521 -33.2885
-13.3135 27.0401 54.7391 -0.521 -33.2885
-13.0747 28.4399 53.7154 -0.521 -33.2885
-12.8442 29.8457 52.6663 -0.521 -33.2885
-12.6218 31.7023 52.0321 -0.521 -33.2885
-12.4069 33.1133 50.9171 -0.521 -33.2885
-12.1993 34.5381 49.7757 -0.521 -33.2885
-11.9984 35.979 48.6069 -0.521 -33.2885
-11.8041 37.4385 47.4092 -0.521 -33.2885
-11.8041 37.4385 47.4092 -0.521 -33.2885
-11.8041 37.1954 47.1676 -0.521 -33.2885
-10.3609 33.9062 44.3087 -0.0138 -33.5311
-5.662 31.1058 39.7979 -0.012 -16.4813
-1.4106 30.3379 38.3718 -0.0115 -1.8567
1.9036 30.3017 38.4512 0.1091 3.7672
7.3001 31.7327 41.0237 0.1299 22.161
11.8518 35.4169 46.5691 0.1564 39.7094
11.8041 36.4561 47.0688 0.521 33.2885
11.9984 34.9833 48.2412 0.521 33.2885
12.1993 33.5273 49.384 0.521 33.2885
12.4069 32.0858 50.4986 0.521 33.2885
12.6218 31.0905 52.0213 0.521 33.2885
12.8442 29.6844 53.0957 0.521 33.2885
13.0747 28.2864 54.1448 0.521 33.2885
13.3135 26.894 55.1684 0.521 33.2885
13.5612 25.5051 56.167 0.521 33.2885
13.5612 25.5051 56.167 0.521 33.2885
11.9092 21.6737 52.1634 0.0138 33.5311
6.5047 17.9736 46.6615 0.012 16.4813
1.6203 16.9623 44.9565 0.0115 1.8567
-2.1866 17.0456 44.989 -0.1091 -3.7672
-8.3877 18.9376 48.0688 -0.1299 -22.161
-13.6265 23.8025 54.8879 -0.1564 -39.7094
-13.5612 25.3443 55.4362 -0.521 -33.2885
-13.3135 26.751 54.4486 -0.521 -33.2885
-13.0747 28.1605 53.4347 -0.521 -33.2885
-12.8442 29.5752 52.3944 -0.521 -33.2885
-12.6218 31.4288 51.7602 -0.521 -33.2885
-12.4069 32.8481 50.6534 -0.521 -33.2885
-12.1993 34.2807 49.5198 -0.521 -33.2885
-11.9984 35.7289 48.3583 -0.521 -33.2885
-11.8041 37.1954 47.1676 -0.521 -33.2885
-11.8041 37.1954 47.1676 -0.521 -33.2885
-11.8041 36.9532 46.9251 -0.521 -33.2885
-10.2808 33.6554 43.9793 -0.0137 -32.9894
-5.6764 30.9673 39.6127 -0.0119 -16.3146
-1.5168 30.2204 38.2185 -0.0115 -2.0
1.9834 30.1777 38.2993 0.1206 3.8072
7.2633 31.5558 40.7904 0.1419 21.8013
11.7457 35.0893 46.1685 0.1696 39.0211
11.8041 36.2226 46.8324 0.521 33.2885
11.9984 34.743 47.998 0.521 33.2885
12.1993 33.2799 49.1336 0.521 33.2885
12.4069 31.8308 50.2406 0.521 33.2885
12.6218 30.816 51.7465 0.521 33.2885
12.8442 29.401 52.8121 0.521 33.2885
13.0747 27.9934 53.8515 0.521 33.2885
13.3135 26.5908 54.8649 0.521 33.2885
13.5612 25.1909 55.8525 0.521 33.2885
13.5612 25.1909 55.8525 0.521 33.2885
11.8167 21.3453 51.7516 0.0137 32.9894
6.5211 17.7954 46.432 0.0119 16.3146
1.7423 16.8121 44.7665 0.0115 2.0
-2.2783 16.8998 44.7953 -0.1206 -3.8072
-8.3452 18.7207 47.7744 -0.1419 -21.8013
-13.5039 23.3834 54.3763 -0.1696 -39.0211
-13.5612 25.0459 55.1345 -0.521 -33.2885
-13.3135 26.4629 54.1573 -0.521 -33.2885
-13.0747 27.882 53.153 -0.521 -33.2885
-12.8442 29.3057 52.1218 -0.521 -33.2885
-12.6218 31.1563 51.4874 -0.521 -33.2885
-12.4069 32.5839 50.3889 -0.521 -33.2885
-12.1993 34.0242 49.263 -0.521 -33.2885
-11.9984 35.4798 48.1089 -0.521 -33.2885
-11.8041 36.9532 46.9251 -0.521 -33.2885
-11.8041 36.9532 46.9251 -0.521 -33.2885
-11.8041 36.712 46.6819 -0.521 -33.2885
-10.1984 33.4069 43.6494 -0.0136 -32.4407
-5.6907 30.8297 39.4275 -0.0119 -16.1477
-1.623 30.1035 38.0651 -0.0115 -2.1434
2.0648 30.0571 38.1459 0.1263 3.8533
7.2268 31.3808 40.5583 0.1539 21.4438
11.6364 34.7651 45.7668 0.1826 38.3239
11.8041 35.99 46.5953 0.521 33.2885
11.9984 34.5036 47.7541 0.521 33.2885
12.1993 33.0335 48.8827 0.521 33.2885
12.4069 31.5768 49.9819 0.521 33.2885
12.6218 30.5425 51.4709 0.521 33.2885
12.8442 29.1186 52.5275 0.521 33.2885
13.0747 27.7015 53.5574 0.521 33.2885
13.3135 26.2888 54.5607 0.521 33.2885
13.5612 24.878 55.5373 0.521 33.2885
13.5612 24.878 55.5373 0.521 33.2885
11.7216 21.02 51.3397 0.0136 32.4407
6.5375 17.6184 46.2029 0.0119 16.1477
1.8643 16.6629 44.5767 0.0115 2.1434
-2.3717 16.7521 44.6027 -0.1263 -3.8533
-8.3031 18.5066 47.482 -0.1539 -21.4438
-13.3776 22.9692 53.8646 -0.1826 -38.3239
-13.5612 24.7485 54.8321 -0.521 -33.2885
-13.3135 26.1758 53.8652 -0.521 -33.2885
-13.0747 27.6046 52.8708 -0.521 -33.2885
-12.8442 29.0373 51.8487 -0.521 -33.2885
-12.6218 30.8849 51.2139 -0.521 -33.2885
-12.4069 32.3207 50.1236 -0.521 -33.2885
-12.1993 33.7688 49.0056 -0.521 -33.2885
-11.9984 35.2317 47.8588 -0.521 -33.2885
-11.8041 36.712 46.6819 -0.521 -33.2885
-11.8041 36.712 46.6819 -0.521 -33.2885
-11.8041 36.4717 46.4379 -0.521 -33.2885
-10.1148 33.1639 43.3185 -0.0202 -31.8892
-5.7046 30.6955 39.2404 -0.0179 -15.9792
-1.7307 29.9874 37.9119 -0.0115 -2.2924
2.1446 29.9343 37.9935 0.1378 3.8933
5.562 30.5706 39.1977 0.1605 15.3968
10.0158 33.0084 43.2377 0.1813 31.4343
11.8041 35.7583 46.3575 0.521 33.2885
11.9984 34.2652 47.5095 0.521 33.2885
12.1993 32.788 48.6309 0.521 33.2885
12.4069 31.3238 49.7226 0.521 33.2885
12.6218 30.2701 51.1946 0.521 33.2885
12.8442 28.8373 52.2422 0.521 33.2885
13.0747 27.4107 53.2625 0.521 33.2885
13.3135 25.9879 54.2556 0.521 33.2885
13.5612 24.5662 55.2212 0.521 33.2885
13.5612 24.5662 55.2212 0.521 33.2885
11.625 20.6963 50.9305 0.0202 31.8892
6.5533 17.4395 45.9745 0.0179 15.9792
1.9879 16.5145 44.387 0.0115 2.2924
-2.4633 16.6079 44.4089 -0.1378 -3.8933
-6.3894 17.4593 45.8352 -0.1605 -15.3968
-11.511 20.6629 50.731 -0.1813 -31.4343
-13.5612 24.4524 54.529 -0.521 -33.2885
-13.3135 25.8899 53.5726 -0.521 -33.2885
-13.0747 27.3282 52.5877 -0.521 -33.2885
-12.8442 28.7698 51.5747 -0.521 -33.2885
-12.6218 30.6145 50.9396 -0.521 -33.2885
-12.4069 32.0585 49.8576 -0.521 -33.2885
-12.1993 33.5144 48.7474 -0.521 -33.2885
-11.9984 34.9845 47.6078 -0.521 -33.2885
-11.8041 36.4717 46.4379 -0.521 -33.2885
-11.8041 36.4717 46.4379 -0.521 -33.2885
-11.8041 36.2324 46.1932 -0.521 -33.2885
-10.029 32.921 42.9892 -0.0201 -31.3312
-5.7188 30.5596 39.0551 -0.0179 -15.8124
-1.8383 29.8719 37.7586 -0.0115 -2.4415
2.2259 29.8121 37.8411 0.1493 3.9394
5.5617 30.4256 39.0075 0.1722 15.1716
9.9192 32.7518 42.9018 0.2002 30.8298
11.8041 35.5275 46.119 0.521 33.2885
11.9984 34.0277 47.2643 0.521 33.2885
12.1993 32.5434 48.3785 0.521 33.2885
12.4069 31.0717 49.4626 0.521 33.2885
12.6218 29.9987 50.9174 0.521 33.2885
12.8442 28.5571 51.9562 0.521 33.2885
13.0747 27.121 52.9668 0.521 33.2885
13.3135 25.6881 53.9497 0.521 33.2885
13.5612 24.2556 54.9044 0.521 33.2885
13.5612 24.2556 54.9044 0.521 33.2885
11.526 20.3785 50.5206 0.0201 31.3312
6.5696 17.2647 45.7457 0.0179 15.8124
2.1116 16.3671 44.1975 0.0115 2.4415
-2.5568 16.4645 44.215 -0.1493 -3.9394
-6.389 17.2855 45.5954 -0.1722 -15.1716
-11.3995 20.3456 50.3045 -0.2002 -30.8298
-13.5612 24.1573 54.2252 -0.521 -33.2885
-13.3135 25.605 53.2791 -0.521 -33.2885
-13.0747 27.0528 52.304 -0.521 -33.2885
-12.8442 28.5034 51.3 -0.521 -33.2885
-12.6218 30.3452 50.6645 -0.521 -33.2885
-12.4069 31.7974 49.5908 -0.521 -33.2885
-12.1993 33.2609 48.4883 -0.521 -33.2885
-11.9984 34.7383 47.3561 -0.521 -33.2885
-11.8041 36.2324 46.1932 -0.521 -33.2885
-11.8041 36.2324 46.1932 -0.521 -33.2885
-11.8041 35.9941 45.9477 -0.521 -33.2885
-9.9421 32.6812 42.6609 -0.02 -30.7711
-5.7316 30.424 38.8689 -0.0178 -15.64
-1.946 29.7598 37.6037 -0.0172 -2.5906
2.3057 29.6905 37.6883 0.1608 3.9795
5.5611 30.2815 38.8172 0.1838 14.945
9.8214 32.5013 42.5657 0.2122 30.2235
11.8041 35.2976 45.8798 0.521 33.2885
11.9984 33.7912 47.0184 0.521 33.2885
12.1993 32.2998 48.1253 0.521 33.2885
12.4069 30.8206 49.2018 0.521 33.2885
12.6218 29.7284 50.6396 0.521 33.2885
12.8442 28.2779 51.6692 0.521 33.2885
13.0747 26.8325 52.6705 0.521 33.2885
13.3135 25.3895 53.6431 0.521 33.2885
13.5612 23.9463 54.5869 0.521 33.2885
13.5612 23.9463 54.5869 0.521 33.2885
11.4256 20.065 50.1127 0.02 30.7711
6.5842 17.0905 45.516 0.0178 15.64
2.2352 16.2177 44.009 0.0172 2.5906
-2.6484 16.3219 44.021 -0.1608 -3.9795
-6.3882 17.1128 45.3557 -0.1838 -14.945
-11.2866 20.0308 49.8819 -0.2122 -30.2235
-13.5612 23.8634 53.9207 -0.521 -33.2885
-13.3135 25.3213 52.9851 -0.521 -33.2885
-13.0747 26.7786 52.0197 -0.521 -33.2885
-12.8442 28.238 51.0247 -0.521 -33.2885
-12.6218 30.0769 50.3887 -0.521 -33.2885
-12.4069 31.5373 49.3233 -0.521 -33.2885
-12.1993 33.0085 48.2286 -0.521 -33.2885
-11.9984 34.4932 47.1037 -0.521 -33.2885
-11.8041 35.9941 45.9477 -0.521 -33.2885
-11.8041 35.9941 45.9477 -0.521 -33.2885
-11.8041 35.7568 45.7015 -0.521 -33.2885
-9.8533 32.4443 42.3332 -0.0199 -30.206
-5.7458 30.2898 38.6836 -0.0178 -15.4731
-2.0551 29.6458 37.4506 -0.0172 -2.7454
2.3871 29.5695 37.5354 0.1723 4.0256
5.5594 30.1381 38.6266 0.1955 14.7143
9.7212 32.2537 42.23 0.2241 29.6104
11.8041 35.0687 45.64 0.521 33.2885
11.9984 33.5556 46.7717 0.521 33.2885
12.1993 32.0572 47.8716 0.521 33.2885
12.4069 30.5706 48.9405 0.521 33.2885
12.6218 29.4592 50.361 0.521 33.2885
12.8442 27.9999 51.3817 0.521 33.2885
13.0747 26.5451 52.3733 0.521 33.2885
13.3135 25.0921 53.3357 0.521 33.2885
13.5612 23.6382 54.2686 0.521 33.2885
13.5612 23.6382 54.2686 0.521 33.2885
11.3232 19.7553 49.7059 0.0199 30.206
6.6003 16.9179 45.2876 0.0178 15.4731
2.3605 16.0721 43.82 0.0172 2.7454
-2.7418 16.1802 43.8272 -0.1723 -4.0256
-6.3861 16.9412 45.1159 -0.1955 -14.7143
-11.1711 19.7202 49.4606 -0.2241 -29.6104
-13.5612 23.5707 53.6156 -0.521 -33.2885
-13.3135 25.0387 52.6904 -0.521 -33.2885
-13.0747 26.5054 51.7346 -0.521 -33.2885
-12.8442 27.9737 50.7488 -0.521 -33.2885
-12.6218 29.8097 50.1121 -0.521 -33.2885
-12.4069 31.2782 49.055 -0.521 -33.2885
-12.1993 32.7571 47.9681 -0.521 -33.2885
-11.9984 34.249 46.8505 -0.521 -33.2885
-11.8041 35.7568 45.7015 -0.521 -33.2885
-11.8041 35.7568 45.7015 -0.521 -33.2885
-11.8041 35.5205 45.4545 -0.521 -33.2885
-9.7628 32.2101 42.006 -0.0198 -29.6361
-5.7585 30.156 38.4975 -0.0178 -15.3008
-2.1628 29.5323 37.2971 -0.0172 -2.8947
2.4683 29.449 37.3822 0.1838 4.0713
5.5576 29.9956 38.4361 0.2071 14.4836
9.618 32.0086 41.8939 0.2358 28.9869
11.8041 34.8407 45.3995 0.521 33.2885
11.9984 33.321 46.5245 0.521 33.2885
12.1993 31.8156 47.6172 0.521 33.2885
12.4069 30.3215 48.6784 0.521 33.2885
12.6218 29.1911 50.0816 0.521 33.2885
12.8442 27.7231 51.0935 0.521 33.2885
13.0747 26.259 52.0756 0.521 33.2885
13.3135 24.796 53.0277 0.521 33.2885
13.5612 23.3313 53.9495 0.521 33.2885
13.5612 23.3313 53.9495 0.521 33.2885
11.2188 19.4495 49.3006 0.0198 29.6361
6.6149 16.7459 45.0583 0.0178 15.3008
2.4842 15.9273 43.6308 0.0172 2.8947
-2.8351 16.0393 43.6332 -0.1838 -4.0713
-6.384 16.771 44.8767 -0.2071 -14.4836
-11.052 19.4129 49.0396 -0.2358 -28.9869
-13.5612 23.2792 53.3099 -0.521 -33.2885
-13.3135 24.7572 52.395 -0.521 -33.2885
-13.0747 26.2333 51.4489 -0.521 -33.2885
-12.8442 27.7104 50.4721 -0.521 -33.2885
-12.6218 29.5436 49.8349 -0.521 -33.2885
-12.4069 31.0202 48.786 -0.521 -33.2885
-12.1993 32.5068 47.7069 -0.521 -33.2885
-11.9984 34.0059 46.5967 -0.521 -33.2885
-11.8041 35.5205 45.4545 -0.521 -33.2885
-11.8041 35.5205 45.4545 -0.521 -33.2885
-11.8041 35.2852 45.2068 -0.521 -33.2885
-9.671 31.9818 41.6786 -0.0262 -29.0639
-5.7716 30.0259 38.3102 -0.0237 -15.13
-2.2718 29.4196 37.1439 -0.0172 -3.0495
2.5481 29.3291 37.2287 0.1953 4.1117
5.5544 29.8538 38.2451 0.2187 14.2474
9.5128 31.7667 41.559 0.2474 28.3587
11.8041 34.6137 45.1583 0.521 33.2885
11.9984 33.0874 46.2766 0.521 33.2885
12.1993 31.575 47.3622 0.521 33.2885
12.4069 30.0735 48.4158 0.521 33.2885
12.6218 28.9241 49.8016 0.521 33.2885
12.8442 27.4474 50.8045 0.521 33.2885
13.0747 25.974 51.777 0.521 33.2885
13.3135 24.5011 52.719 0.521 33.2885
13.5612 23.0258 53.6298 0.521 33.2885
13.5612 23.0258 53.6298 0.521 33.2885
11.113 19.1455 48.8986 0.0262 29.0639
6.6299 16.5725 44.8306 0.0237 15.13
2.6095 15.7834 43.442 0.0172 3.0495
-2.9268 15.8991 43.439 -0.1953 -4.1117
-6.3802 16.6017 44.6371 -0.2187 -14.2474
-10.9308 19.1103 48.6209 -0.2474 -28.3587
-13.5612 22.9889 53.0035 -0.521 -33.2885
-13.3135 24.4769 52.099 -0.521 -33.2885
-13.0747 25.9623 51.1625 -0.521 -33.2885
-12.8442 27.4482 50.1948 -0.521 -33.2885
-12.6218 29.2786 49.5569 -0.521 -33.2885
-12.4069 30.7633 48.5163 -0.521 -33.2885
-12.1993 32.2575 47.445 -0.521 -33.2885
-11.9984 33.7638 46.3421 -0.521 -33.2885
-11.8041 35.2852 45.2068 -0.521 -33.2885
-11.8041 35.2852 45.2068 -0.521 -33.2885
-11.8041 35.0509 44.9584 -0.521 -33.2885
-9.5782 31.7541 41.3541 -0.0261 -28.4897
-5.7843 29.8938 38.1241 -0.0237 -14.9577
-2.3825 29.3076 36.9908 -0.0172 -3.2103
2.6294 29.2099 37.0751 0.2068 4.1574
5.5525 29.7134 38.0551 0.2303 14.0167
9.4052 31.5279 41.2248 0.2589 27.7232
11.8041 34.3876 44.9165 0.521 33.2885
11.9984 32.8547 46.028 0.521 33.2885
12.1993 31.3353 47.1064 0.521 33.2885
12.4069 29.8265 48.1525 0.521 33.2885
12.6218 28.6582 49.5208 0.521 33.2885
12.8442 27.1728 50.5148 0.521 33.2885
13.0747 25.6902 51.4778 0.521 33.2885
13.3135 24.2074 52.4095 0.521 33.2885
13.5612 22.7216 53.3095 0.521 33.2885
13.5612 22.7216 53.3095 0.521 33.2885
11.0059 18.8485 48.4979 0.0261 28.4897
6.6443 16.4029 44.602 0.0237 14.9577
2.7365 15.6406 43.2536 0.0172 3.2103
-3.0201 15.7599 43.245 -0.2068 -4.1574
-6.3779 16.4343 44.3989 -0.2303 -14.0167
-10.8067 18.8119 48.2039 -0.2589 -27.7232
-13.5612 22.6997 52.6965 -0.521 -33.2885
-13.3135 24.1977 51.8023 -0.521 -33.2885
-13.0747 25.6925 50.8756 -0.521 -33.2885
-12.8442 27.1871 49.917 -0.521 -33.2885
-12.6218 29.0148 49.2783 -0.521 -33.2885
-12.4069 30.5075 48.2459 -0.521 -33.2885
-12.1993 32.0092 47.1823 -0.521 -33.2885
-11.9984 33.5227 46.0868 -0.521 -33.2885
-11.8041 35.0509 44.9584 -0.521 -33.2885
-11.8041 35.0509 44.9584 -0.521 -33.2885
-11.8041 34.8176 44.7093 -0.521 -33.2885
-9.4824 31.5287 41.0294 -0.0259 -27.9055
-5.7955 29.7622 37.9372 -0.0237 -14.7797
-2.4915 29.199 36.836 -0.023 -3.3651
2.7107 29.0912 36.9212 0.2183 4.2036
5.5491 29.5708 37.8661 0.2478 13.7805
9.2961 31.29 40.8941 0.2767 27.0848
11.8041 34.1625 44.674 0.521 33.2885
11.9984 32.6231 45.7789 0.521 33.2885
12.1993 31.0967 46.85 0.521 33.2885
12.4069 29.5805 47.8885 0.521 33.2885
12.6218 28.3935 49.2395 0.521 33.2885
12.8442 26.8995 50.2245 0.521 33.2885
13.0747 25.4076 51.1779 0.521 33.2885
13.3135 23.915 52.0995 0.521 33.2885
13.5612 22.4187 52.9885 0.521 33.2885
13.5612 22.4187 52.9885 0.521 33.2885
10.8954 18.5545 48.0973 0.0259 27.9055
6.6571 16.2338 44.3725 0.0237 14.7797
2.8617 15.4957 43.0661 0.023 3.3651
-3.1135 15.6214 43.0508 -0.2183 -4.2036
-6.374 16.2706 44.1595 -0.2478 -13.7805
-10.6809 18.5212 47.7889 -0.2767 -27.0848
-13.5612 22.4119 52.389 -0.521 -33.2885
-13.3135 23.9198 51.5052 -0.521 -33.2885
-13.0747 25.4238 50.5881 -0.521 -33.2885
-12.8442 26.9271 49.6385 -0.521 -33.2885
-12.6218 28.752 48.9989 -0.521 -33.2885
-12.4069 30.2528 47.9748 -0.521 -33.2885
-12.1993 31.7621 46.919 -0.521 -33.2885
-11.9984 33.2827 45.8308 -0.521 -33.2885
-11.8041 34.8176 44.7093 -0.521 -33.2885
-11.8041 34.8176 44.7093 -0.521 -33.2885
-11.8041 34.5854 44.4596 -0.521 -33.2885
-9.3857 31.3067 40.7066 -0.0258 -27.3208
-5.8082 29.6319 37.7512 -0.0237 -14.6074
-3.1828 29.1313 36.7832 -0.023 -5.791
2.8686 28.9784 36.7795 0.2299 4.5485
5.5443 29.4317 37.6751 0.2593 13.5386
9.1851 31.0582 40.5633 0.2879 26.4417
11.8041 33.9384 44.431 0.521 33.2885
11.9984 32.3924 45.529 0.521 33.2885
12.1993 30.8592 46.5932 0.521 33.2885
12.4069 29.3356 47.624 0.521 33.2885
12.6218 28.1299 48.9574 0.521 33.2885
12.8442 26.6273 49.9335 0.521 33.2885
13.0747 25.1263 50.8774 0.521 33.2885
13.3135 23.6239 51.7887 0.521 33.2885
13.5612 22.1171 52.6668 0.521 33.2885
13.5612 22.1171 52.6668 0.521 33.2885
10.784 18.2653 47.6999 0.0258 27.3208
6.6715 16.0665 44.1444 0.0237 14.6074
3.6557 15.4115 42.9948 0.023 5.791
-3.2949 15.4909 42.8713 -0.2299 -4.5485
-6.3683 16.105 43.9208 -0.2593 -13.5386
-10.5531 18.2326 47.3778 -0.2879 -26.4417
-13.5612 22.1253 52.0808 -0.521 -33.2885
-13.3135 23.643 51.2074 -0.521 -33.2885
-13.0747 25.1563 50.3 -0.521 -33.2885
-12.8442 26.6682 49.3594 -0.521 -33.2885
-12.6218 28.4904 48.7188 -0.521 -33.2885
-12.4069 29.9992 47.7031 -0.521 -33.2885
-12.1993 31.516 46.655 -0.521 -33.2885
-11.9984 33.0437 45.5741 -0.521 -33.2885
-11.8041 34.5854 44.4596 -0.521 -33.2885
-11.8041 34.5854 44.4596 -0.521 -33.2885
-11.8041 34.3542 44.2091 -0.521 -33.2885
-9.2874 31.0904 40.3834 -0.0321 -26.7317
-5.8193 29.502 37.5644 -0.0237 -14.4294
-3.2771 29.021 36.63 -0.023 -5.889
2.9469 28.8608 36.6249 0.2414 4.5828
5.5395 29.2935 37.4842 0.2708 13.2968
9.0715 30.8293 40.2336 0.2991 25.7908
11.8041 33.7153 44.1873 0.521 33.2885
11.9984 32.1627 45.2786 0.521 33.2885
12.1993 30.6226 46.3356 0.521 33.2885
12.4069 29.0918 47.3589 0.521 33.2885
12.6218 27.8675 48.6746 0.521 33.2885
12.8442 26.3563 49.6418 0.521 33.2885
13.0747 24.8462 50.5762 0.521 33.2885
13.3135 23.3341 51.4774 0.521 33.2885
13.5612 21.8168 52.3445 0.521 33.2885
13.5612 21.8168 52.3445 0.521 33.2885
10.6706 17.9776 47.3058 0.0321 26.7317
6.6843 15.8997 43.9154 0.0237 14.4294
3.764 15.2709 42.8068 0.023 5.889
-3.3847 15.3539 42.6767 -0.2414 -4.5828
-6.3627 15.941 43.6828 -0.2708 -13.2968
-10.4222 17.9482 46.9685 -0.2991 -25.7908
-13.5612 21.8399 51.7721 -0.521 -33.2885
-13.3135 23.3675 50.909 -0.521 -33.2885
-13.0747 24.8899 50.0112 -0.521 -33.2885
-12.8442 26.4104 49.0796 -0.521 -33.2885
-12.6218 28.23 48.4382 -0.521 -33.2885
-12.4069 29.7467 47.4306 -0.521 -33.2885
-12.1993 31.271 46.3903 -0.521 -33.2885
-11.9984 32.8058 45.3168 -0.521 -33.2885
-11.8041 34.3542 44.2091 -0.521 -33.2885
-11.8041 34.3542 44.2091 -0.521 -33.2885
-11.8041 34.1241 43.958 -0.521 -33.2885
-9.1872 30.8743 40.0629 -0.0319 -26.1372
-5.8308 29.3758 37.3764 -0.0296 -14.253
-3.3729 28.9116 36.4772 -0.023 -5.9928
3.0267 28.7438 36.4702 0.2529 4.6232
5.5349 29.1565 37.294 0.2823 13.0563
8.9554 30.6035 39.9049 0.3101 25.1322
11.8041 33.4931 43.9429 0.521 33.2885
11.9984 31.9341 45.0276 0.521 33.2885
12.1993 30.3871 46.0774 0.521 33.2885
12.4069 28.849 47.0931 0.521 33.2885
12.6218 27.6063 48.3913 0.521 33.2885
12.8442 26.0866 49.3495 0.521 33.2885
13.0747 24.5674 50.2744 0.521 33.2885
13.3135 23.0456 51.1654 0.521 33.2885
13.5612 21.518 52.0216 0.521 33.2885
13.5612 21.518 52.0216 0.521 33.2885
10.5551 17.6964 46.9123 0.0319 26.1372
6.6974 15.7316 43.6881 0.0296 14.253
3.874 15.1313 42.6192 0.023 5.9928
-3.4764 15.2179 42.4825 -0.2529 -4.6232
-6.3573 15.7784 43.4455 -0.2823 -13.0563
-10.2884 17.6682 46.5616 -0.3101 -25.1322
-13.5612 21.5558 51.4629 -0.521 -33.2885
-13.3135 23.0931 50.6101 -0.521 -33.2885
-13.0747 24.6247 49.722 -0.521 -33.2885
-12.8442 26.1538 48.7994 -0.521 -33.2885
-12.6218 27.9707 48.1568 -0.521 -33.2885
-12.4069 29.4954 47.1576 -0.521 -33.2885
-12.1993 31.0271 46.125 -0.521 -33.2885
-11.9984 32.569 45.0588 -0.521 -33.2885
-11.8041 34.1241 43.958 -0.521 -33.2885
-11.8041 34.1241 43.958 -0.521 -33.2885
-11.8041 33.895 43.7062 -0.521 -33.2885
-9.0851 30.6612 39.7436 -0.0317 -25.5374
-5.842 29.2476 37.1898 -0.0295 -14.0752
-3.4687 28.8027 36.3242 -0.023 -6.0965
4.42 28.7828 36.6431 0.2843 9.108
8.8377 30.3787 39.5802 0.3274 24.4705
11.8041 33.272 43.6981 0.521 33.2885
11.9984 31.7065 44.776 0.521 33.2885
12.1993 30.1526 45.8186 0.521 33.2885
12.4069 28.6073 46.8268 0.521 33.2885
12.6218 27.3463 48.1073 0.521 33.2885
12.8442 25.818 49.0566 0.521 33.2885
13.0747 24.2898 49.972 0.521 33.2885
13.3135 22.7584 50.8528 0.521 33.2885
13.5612 21.2205 51.6981 0.521 33.2885
13.5612 21.2205 51.6981 0.521 33.2885
10.4374 17.4192 46.5209 0.0317 25.5374
6.7101 15.5673 43.4598 0.0295 14.0752
3.984 14.9925 42.4315 0.023 6.0965
-5.0766 15.3032 42.6665 -0.2843 -9.108
-10.1528 17.3959 46.1572 -0.3274 -24.4705
-13.5612 21.273 51.1531 -0.521 -33.2885
-13.3135 22.82 50.3106 -0.521 -33.2885
-13.0747 24.3607 49.4321 -0.521 -33.2885
-12.8442 25.8983 48.5186 -0.521 -33.2885
-12.6218 27.7126 47.8749 -0.521 -33.2885
-12.4069 29.2451 46.8838 -0.521 -33.2885
-12.1993 30.7844 45.8591 -0.521 -33.2885
-11.9984 32.3333 44.8001 -0.521 -33.2885
-11.8041 33.895 43.7062 -0.521 -33.2885
-11.8041 33.895 43.7062 -0.521 -33.2885
-11.8041 33.667 43.4537 -0.521 -33.2885
-8.983 30.4519 39.4273 -0.0316 -24.9404
-5.8534 29.1204 37.0033 -0.0295 -13.8986
-3.5629 28.6971 36.1692 -0.0288 -6.194
4.4531 28.6599 36.4749 0.2958 8.9922
8.7181 30.16 39.256 0.3382 23.8039
11.8041 33.0518 43.4525 0.521 33.2885
11.9984 31.4798 44.5237 0.521 33.2885
12.1993 29.9192 45.5593 0.521 33.2885
12.4069 28.3667 46.5599 0.521 33.2885
12.6218 27.0874 47.8227 0.521 33.2885
12.8442 25.5507 48.763 0.521 33.2885
13.0747 24.0135 49.6689 0.521 33.2885
13.3135 22.4725 50.5396 0.521 33.2885
13.5612 20.9244 51.3741 0.521 33.2885
13.5612 20.9244 51.3741 0.521 33.2885
10.3198 17.1473 46.134 0.0316 24.9404
6.7231 15.4041 43.2319 0.0295 13.8986
4.0921 14.8515 42.2444 0.0288 6.194
-5.1145 15.1595 42.4565 -0.2958 -8.9922
-10.0151 17.1258 45.7573 -0.3382 -23.8039
-13.5612 20.9916 50.8429 -0.521 -33.2885
-13.3135 22.5482 50.0106 -0.521 -33.2885
-13.0747 24.0978 49.1417 -0.521 -33.2885
-12.8442 25.6439 48.2371 -0.521 -33.2885
-12.6218 27.4557 47.5923 -0.521 -33.2885
-12.4069 28.996 46.6094 -0.521 -33.2885
-12.1993 30.5427 45.5924 -0.521 -33.2885
-11.9984 32.0986 44.5407 -0.521 -33.2885
-11.8041 33.667 43.4537 -0.521 -33.2885
-11.8041 33.667 43.4537 -0.521 -33.2885
-11.8041 33.4401 43.2006 -0.521 -33.2885
-8.8789 30.2455 39.1123 -0.0314 -24.3379
-5.8631 28.9937 36.8161 -0.0295 -13.7153
-3.6586 28.5895 36.0159 -0.0288 -6.2978
4.4875 28.5378 36.3071 0.3074 8.8819
8.5958 29.9445 38.9334 0.3489 23.1291
11.8041 32.8327 43.2064 0.521 33.2885
11.9984 31.2543 44.2709 0.521 33.2885
12.1993 29.6868 45.2993 0.521 33.2885
12.4069 28.1271 46.2924 0.521 33.2885
12.6218 26.8297 47.5374 0.521 33.2885
12.8442 25.2847 48.469 0.521 33.2885
13.0747 23.7385 49.3653 0.521 33.2885
13.3135 22.1881 50.226 0.521 33.2885
13.5612 20.6298 51.0495 0.521 33.2885
13.5612 20.6298 51.0495 0.521 33.2885
10.1999 16.8793 45.7492 0.0314 24.3379
6.7341 15.2417 43.0035 0.0295 13.7153
4.2021 14.7143 42.0568 0.0288 6.2978
-5.154 15.017 42.2471 -0.3074 -8.8819
-9.8742 16.8599 45.3598 -0.3489 -23.1291
-13.5612 20.7114 50.5321 -0.521 -33.2885
-13.3135 22.2776 49.7101 -0.521 -33.2885
-13.0747 23.8362 48.8508 -0.521 -33.2885
-12.8442 25.3907 47.9552 -0.521 -33.2885
-12.6218 27.2 47.3091 -0.521 -33.2885
-12.4069 28.7481 46.3345 -0.521 -33.2885
-12.1993 30.3022 45.3252 -0.521 -33.2885
-11.9984 31.8651 44.2808 -0.521 -33.2885
-11.8041 33.4401 43.2006 -0.521 -33.2885
-11.8041 33.4401 43.2006 -0.521 -33.2885
-11.8041 33.2143 42.9469 -0.521 -33.2885
-8.7723 30.0444 38.7967 -0.0375 -23.7275
-5.8744 28.8683 36.6299 -0.0295 -13.5387
-3.7558 28.4826 35.8629 -0.0288 -6.4072
4.5205 28.4163 36.1387 0.3189 8.766
8.472 29.7299 38.615 0.3658 22.4512
11.8041 32.6146 42.9597 0.521 33.2885
11.9984 31.0298 44.0175 0.521 33.2885
12.1993 29.4555 45.0388 0.521 33.2885
12.4069 27.8887 46.0244 0.521 33.2885
12.6218 26.5733 47.2516 0.521 33.2885
12.8442 25.0199 48.1742 0.521 33.2885
13.0747 23.4649 49.0612 0.521 33.2885
13.3135 21.905 49.9117 0.521 33.2885
13.5612 20.3366 50.7244 0.521 33.2885
13.5612 20.3366 50.7244 0.521 33.2885
10.0771 16.6122 45.3671 0.0375 23.7275
6.747 15.0809 42.7762 0.0295 13.5387
4.3136 14.5781 41.8696 0.0288 6.4072
-5.1918 14.8752 42.0374 -0.3189 -8.766
-9.7317 16.6019 44.9655 -0.3658 -22.4512
-13.5612 20.4326 50.2209 -0.521 -33.2885
-13.3135 22.0083 49.4091 -0.521 -33.2885
-13.0747 23.5758 48.5593 -0.521 -33.2885
-12.8442 25.1387 47.6727 -0.521 -33.2885
-12.6218 26.9455 47.0253 -0.521 -33.2885
-12.4069 28.5014 46.0589 -0.521 -33.2885
-12.1993 30.0628 45.0573 -0.521 -33.2885
-11.9984 31.6326 44.0201 -0.521 -33.2885
-11.8041 33.2143 42.9469 -0.521 -33.2885
-11.8041 33.2143 42.9469 -0.521 -33.2885
-11.8041 32.9895 42.6925 -0.521 -33.2885
-8.64 29.8334 38.463 -0.0373 -23.0112
-5.884 28.746 36.4413 -0.0353 -13.3553
-4.0432 28.3964 35.7585 -0.0289 -7.2615
4.5549 28.2957 35.9706 0.3303 8.6558
8.325 29.513 38.2797 0.3761 21.6798
11.8041 32.3975 42.7124 0.521 33.2885
11.9984 30.8063 43.7635 0.521 33.2885
12.1993 29.2253 44.7778 0.521 33.2885
12.4069 27.6514 45.7558 0.521 33.2885
12.6218 26.3181 46.9652 0.521 33.2885
12.8442 24.7564 47.879 0.521 33.2885
13.0747 23.1926 48.7565 0.521 33.2885
13.3135 21.6232 49.5968 0.521 33.2885
13.5612 20.0449 50.3989 0.521 33.2885
13.5612 20.0449 50.3989 0.521 33.2885
9.9248 16.3383 44.9613 0.0373 23.0112
6.7579 14.918 42.5492 0.0353 13.3553
4.6437 14.4692 41.7392 0.0289 7.2615
-5.2313 14.7347 41.8284 -0.3303 -8.6558
-9.5626 16.3349 44.555 -0.3761 -21.6798
-13.5612 20.1551 49.9091 -0.521 -33.2885
-13.3135 21.7403 49.1077 -0.521 -33.2885
-13.0747 23.3167 48.2675 -0.521 -33.2885
-12.8442 24.8879 47.3898 -0.521 -33.2885
-12.6218 26.6922 46.7409 -0.521 -33.2885
-12.4069 28.2559 45.7828 -0.521 -33.2885
-12.1993 29.8245 44.7888 -0.521 -33.2885
-11.9984 31.4013 43.7589 -0.521 -33.2885
-11.8041 32.9895 42.6925 -0.521 -33.2885
-11.8041 32.9895 42.6925 -0.521 -33.2885
-11.8041 32.7659 42.4375 -0.521 -33.2885
-8.5307 29.6366 38.1538 -0.0372 -22.3952
-5.8938 28.6219 36.2544 -0.0353 -13.1732
-4.1316 28.2928 35.6022 -0.0347 -7.3368
4.5879 28.1728 35.8035 0.3476 8.5399
8.1968 29.3082 37.9649 0.3866 20.9901
11.8041 32.1815 42.4646 0.521 33.2885
11.9984 30.5839 43.509 0.521 33.2885
12.1993 28.9962 44.5162 0.521 33.2885
12.4069 27.4152 45.4867 0.521 33.2885
12.6218 26.0642 46.6782 0.521 33.2885
12.8442 24.4942 47.5832 0.521 33.2885
13.0747 22.9216 48.4513 0.521 33.2885
13.3135 21.3429 49.2815 0.521 33.2885
13.5612 19.7546 50.0728 0.521 33.2885
13.5612 19.7546 50.0728 0.521 33.2885
9.7989 16.0832 44.5854 0.0372 22.3952
6.7691 14.7592 42.3219 0.0353 13.1732
4.7452 14.3308 41.5511 0.0347 7.3368
-5.2691 14.5977 41.618 -0.3476 -8.5399
-9.415 16.084 44.1694 -0.3866 -20.9901
-13.5612 19.879 49.597 -0.521 -33.2885
-13.3135 21.4735 48.8057 -0.521 -33.2885
-13.0747 23.0588 47.9751 -0.521 -33.2885
-12.8442 24.6383 47.1063 -0.521 -33.2885
-12.6218 26.4402 46.456 -0.521 -33.2885
-12.4069 28.0115 45.506 -0.521 -33.2885
-12.1993 29.5874 44.5197 -0.521 -33.2885
-11.9984 31.1711 43.4971 -0.521 -33.2885
-11.8041 32.7659 42.4375 -0.521 -33.2885
-11.8041 32.7659 42.4375 -0.521 -33.2885
-11.8041 32.5433 42.1818 -0.521 -33.2885
-8.4218 29.4435 37.8483 -0.037 -21.7832
-4.2215 28.1872 35.4476 -0.0347 -7.4178
4.6208 28.0533 35.6347 0.3591 8.4241
8.0672 29.1044 37.6549 0.4032 20.2974
11.8041 31.9665 42.2162 0.521 33.2885
11.9984 30.3626 43.254 0.521 33.2885
12.1993 28.7683 44.2542 0.521 33.2885
12.4069 27.1802 45.2171 0.521 33.2885
12.6218 25.8115 46.3907 0.521 33.2885
12.8442 24.2333 47.2868 0.521 33.2885
13.0747 22.652 48.1455 0.521 33.2885
13.3135 21.0641 48.9658 0.521 33.2885
13.5612 19.4658 49.7462 0.521 33.2885
13.5612 19.4658 49.7462 0.521 33.2885
9.6736 15.8333 44.2143 0.037 21.7832
4.8483 14.1963 41.3627 0.0347 7.4178
-5.3069 14.4589 41.4087 -0.3591 -8.4241
-9.2658 15.841 43.7874 -0.4032 -20.2974
-13.5612 19.6043 49.2845 -0.521 -33.2885
-13.3135 21.2082 48.5034 -0.521 -33.2885
-13.0747 22.8021 47.6821 -0.521 -33.2885
-12.8442 24.3899 46.8223 -0.521 -33.2885
-12.6218 26.1894 46.1705 -0.521 -33.2885
-12.4069 27.7684 45.2287 -0.521 -33.2885
-12.1993 29.3515 44.2501 -0.521 -33.2885
-11.9984 30.9421 43.2347 -0.521 -33.2885
-11.8041 32.5433 42.1818 -0.521 -33.2885
-11.8041 32.5433 42.1818 -0.521 -33.2885
-11.8041 32.3219 41.9256 -0.521 -33.2885
-8.3117 29.2535 37.5449 -0.0369 -21.1684
-4.3097 28.0821 35.2925 -0.0347 -7.4924
4.6523 27.9343 35.4654 0.3706 8.3025
7.9365 28.9069 37.3467 0.4136 19.6032
11.8041 31.7525 41.9672 0.521 33.2885
11.9984 30.1423 42.9984 0.521 33.2885
12.1993 28.5414 43.9915 0.521 33.2885
12.4069 26.9463 44.947 0.521 33.2885
12.6218 25.5601 46.1026 0.521 33.2885
12.8442 23.9737 46.9899 0.521 33.2885
13.0747 22.3837 47.8392 0.521 33.2885
13.3135 20.7866 48.6495 0.521 33.2885
13.5612 19.1786 49.4193 0.521 33.2885
13.5612 19.1786 49.4193 0.521 33.2885
9.5468 15.5875 43.8466 0.0369 21.1684
4.9495 14.0623 41.1737 0.0347 7.4924
-5.3429 14.3209 41.1991 -0.3706 -8.3025
-9.1154 15.6003 43.4112 -0.4136 -19.6032
-13.5612 19.331 48.9715 -0.521 -33.2885
-13.3135 20.9441 48.2005 -0.521 -33.2885
-13.0747 22.5468 47.3888 -0.521 -33.2885
-12.8442 24.1427 46.5379 -0.521 -33.2885
-12.6218 25.9399 45.8845 -0.521 -33.2885
-12.4069 27.5264 44.9507 -0.521 -33.2885
-12.1993 29.1168 43.9799 -0.521 -33.2885
-11.9984 30.7142 42.9717 -0.521 -33.2885
-11.8041 32.3219 41.9256 -0.521 -33.2885
-11.8041 32.3219 41.9256 -0.521 -33.2885
-11.8041 32.1016 41.6688 -0.521 -33.2885
-8.1996 29.0691 37.2421 -0.0428 -20.5481
-4.3995 27.9777 35.1376 -0.0347 -7.5735
4.6853 27.8135 35.2979 0.3878 8.1867
7.8043 28.713 37.0419 0.424 18.9056
11.8041 31.5396 41.7177 0.521 33.2885
11.9984 29.9231 42.7422 0.521 33.2885
12.1993 28.3156 43.7284 0.521 33.2885
12.4069 26.7136 44.6764 0.521 33.2885
12.6218 25.3099 45.814 0.521 33.2885
12.8442 23.7155 46.6926 0.521 33.2885
13.0747 22.1169 47.5325 0.521 33.2885
13.3135 20.5106 48.3328 0.521 33.2885
13.5612 18.8928 49.0918 0.521 33.2885
13.5612 18.8928 49.0918 0.521 33.2885
9.4178 15.343 43.4826 0.0428 20.5481
5.0526 13.9294 40.9852 0.0347 7.5735
-5.3807 14.1869 40.9893 -0.3878 -8.1867
-8.9633 15.3644 43.0394 -0.424 -18.9056
-13.5612 19.059 48.6581 -0.521 -33.2885
-13.3135 20.6814 47.8973 -0.521 -33.2885
-13.0747 22.2927 47.095 -0.521 -33.2885
-12.8442 23.8967 46.2529 -0.521 -33.2885
-12.6218 25.6916 45.5979 -0.521 -33.2885
-12.4069 27.2857 44.6722 -0.521 -33.2885
-12.1993 28.8832 43.709 -0.521 -33.2885
-11.9984 30.4874 42.708 -0.521 -33.2885
-11.8041 32.1016 41.6688 -0.521 -33.2885
-11.8041 32.1016 41.6688 -0.521 -33.2885
-11.8041 31.8825 41.4114 -0.521 -33.2885
-8.0866 28.8852 36.9433 -0.0427 -19.9262
-4.4893 27.874 34.9826 -0.0347 -7.6545
4.7167 27.6959 35.1284 0.3993 8.0651
7.6692 28.5195 36.7409 0.4403 18.1988
11.8041 31.3278 41.4676 0.521 33.2885
11.9984 29.705 42.4855 0.521 33.2885
12.1993 28.0909 43.4646 0.521 33.2885
12.4069 26.482 44.4053 0.521 33.2885
12.6218 25.061 45.5248 0.521 33.2885
12.8442 23.4585 46.3946 0.521 33.2885
13.0747 21.8514 47.2253 0.521 33.2885
13.3135 20.236 48.0155 0.521 33.2885
13.5612 18.6086 48.764 0.521 33.2885
13.5612 18.6086 48.764 0.521 33.2885
9.2877 15.1055 43.1215 0.0427 19.9262
5.1557 13.7974 40.7969 0.0347 7.6545
-5.4168 14.0508 40.7799 -0.3993 -8.0651
-8.8079 15.1356 42.6703 -0.4403 -18.1988
-13.5612 18.7885 48.3443 -0.521 -33.2885
-13.3135 20.42 47.5936 -0.521 -33.2885
-13.0747 22.0399 46.8008 -0.521 -33.2885
-12.8442 23.652 45.9675 -0.521 -33.2885
-12.6218 25.4446 45.3108 -0.521 -33.2885
-12.4069 27.0462 44.3932 -0.521 -33.2885
-12.1993 28.6509 43.4377 -0.521 -33.2885
-11.9984 30.2618 42.4438 -0.521 -33.2885
-11.8041 31.8825 41.4114 -0.521 -33.2885
-11.8041 31.8825 41.4114 -0.521 -33.2885
-11.8041 31.6645 41.1535 -0.521 -33.2885
-7.9731 28.7046 36.6478 -0.0425 -19.3046
-4.5791 27.7736 34.8259 -0.0405 -7.7355
4.7482 27.5791 34.9589 0.4107 7.9435
7.5325 28.3322 36.4419 0.4506 17.4885
11.8041 31.117 41.217 0.521 33.2885
11.9984 29.4881 42.2284 0.521 33.2885
12.1993 27.8674 43.2005 0.521 33.2885
12.4069 26.2516 44.1337 0.521 33.2885
12.6218 24.8135 45.2352 0.521 33.2885
12.8442 23.203 46.0963 0.521 33.2885
13.0747 21.5874 46.9176 0.521 33.2885
13.3135 19.963 47.698 0.521 33.2885
13.5612 18.3259 48.4357 0.521 33.2885
13.5612 18.3259 48.4357 0.521 33.2885
9.1571 14.8725 42.7646 0.0425 19.3046
5.2587 13.6633 40.6093 0.0405 7.7355
-5.4528 13.9157 40.5707 -0.4107 -7.9435
-8.6507 14.9088 42.3068 -0.4506 -17.4885
-13.5612 18.5195 48.0303 -0.521 -33.2885
-13.3135 20.1599 47.2894 -0.521 -33.2885
-13.0747 21.7883 46.506 -0.521 -33.2885
-12.8442 23.4085 45.6817 -0.521 -33.2885
-12.6218 25.1989 45.0232 -0.521 -33.2885
-12.4069 26.808 44.1137 -0.521 -33.2885
-12.1993 28.4197 43.1657 -0.521 -33.2885
-11.9984 30.0374 42.1791 -0.521 -33.2885
-11.8041 31.6645 41.1535 -0.521 -33.2885
-11.8041 31.6645 41.1535 -0.521 -33.2885
-11.8041 31.4476 40.8949 -0.521 -33.2885
-7.8573 28.5266 36.354 -0.0423 -18.676
-4.6688 27.6711 34.6707 -0.0405 -7.8165
4.7796 27.4601 34.7907 0.428 7.822
7.3957 28.1487 36.1472 0.4608 16.78
11.8041 30.9074 40.966 0.521 33.2885
11.9984 29.2722 41.9707 0.521 33.2885
12.1993 27.645 42.9358 0.521 33.2885
12.4069 26.0224 43.8616 0.521 33.2885
12.6218 24.5672 44.9451 0.521 33.2885
12.8442 22.9487 45.7974 0.521 33.2885
13.0747 21.3247 46.6094 0.521 33.2885
13.3135 19.6913 47.3798 0.521 33.2885
13.5612 18.0448 48.107 0.521 33.2885
13.5612 18.0448 48.107 0.521 33.2885
9.0239 14.6432 42.4105 0.0423 18.676
5.3617 13.5328 40.4209 0.0405 7.8165
-5.4888 13.7846 40.361 -0.428 -7.822
-8.4933 14.6873 41.9494 -0.4608 -16.78
-13.5612 18.2518 47.7157 -0.521 -33.2885
-13.3135 19.9013 46.985 -0.521 -33.2885
-13.0747 21.5382 46.2111 -0.521 -33.2885
-12.8442 23.1663 45.3954 -0.521 -33.2885
-12.6218 24.9544 44.7349 -0.521 -33.2885
-12.4069 26.571 43.8336 -0.521 -33.2885
-12.1993 28.1898 42.8933 -0.521 -33.2885
-11.9984 29.8141 41.9137 -0.521 -33.2885
-11.8041 31.4476 40.8949 -0.521 -33.2885
-11.8041 31.4476 40.8949 -0.521 -33.2885
-11.8041 31.2318 40.6356 -0.521 -33.2885
-7.741 28.3547 36.0619 -0.0482 -18.0472
-4.7586 27.5693 34.5153 -0.0405 -7.8976
4.2411 27.2775 34.4829 0.432 5.8427
7.2563 27.9657 35.8572 0.477 16.0637
11.8041 30.6988 40.7144 0.521 33.2885
11.9984 29.0574 41.7125 0.521 33.2885
12.1993 27.4237 42.6706 0.521 33.2885
12.4069 25.7943 43.589 0.521 33.2885
12.6218 24.3222 44.6544 0.521 33.2885
12.8442 22.6959 45.4981 0.521 33.2885
13.0747 21.0635 46.3009 0.521 33.2885
13.3135 19.4213 47.0615 0.521 33.2885
13.5612 17.7653 47.7781 0.521 33.2885
13.5612 17.7653 47.7781 0.521 33.2885
8.8901 14.4153 42.0614 0.0482 18.0472
5.4648 13.4032 40.2325 0.0405 7.8976
-4.8705 13.5592 39.9926 -0.432 -5.8427
-8.3331 14.4729 41.5951 -0.477 -16.0637
-13.5612 17.9857 47.401 -0.521 -33.2885
-13.3135 19.644 46.6801 -0.521 -33.2885
-13.0747 21.2893 45.9155 -0.521 -33.2885
-12.8442 22.9253 45.1086 -0.521 -33.2885
-12.6218 24.7113 44.4463 -0.521 -33.2885
-12.4069 26.3353 43.5531 -0.521 -33.2885
-12.1993 27.961 42.6202 -0.521 -33.2885
-11.9984 29.5921 41.6479 -0.521 -33.2885
-11.8041 31.2318 40.6356 -0.521 -33.2885
-11.8041 31.2318 40.6356 -0.521 -33.2885
-14.3632 33.4312 44.7639 -0.0578 -46.094
-7.6251 28.1835 35.7752 -0.048 -17.4221
-4.8484 27.468 34.3597 -0.0405 -7.9786
4.3105 27.1681 34.3231 0.4435 5.8427
7.1154 27.7888 35.5694 0.4872 15.3435
12.1334 30.7345 40.9242 0.5514 34.8204
12.3332 29.096 41.9249 0.5514 34.8204
12.5397 27.4652 42.8859 0.5514 34.8204
12.7533 25.8386 43.8073 0.5514 34.8204
12.9743 24.3613 44.8656 0.5514 34.8204
13.203 22.7375 45.7125 0.5514 34.8204
13.44 21.1076 46.5186 0.5514 34.8204
13.6857 19.4679 47.2828 0.5514 34.8204
13.9405 17.8143 48.0031 0.5514 34.8204
16.5118 21.1209 52.6021 0.0578 46.094
8.7567 14.195 41.7166 0.048 17.4221
5.5677 13.2744 40.0441 0.0405 7.9786
-4.95 13.434 39.7959 -0.4435 -5.8427
-8.1711 14.2603 41.2467 -0.4872 -15.3435
-13.9405 18.0584 47.6302 -0.5514 -34.8204
-13.6857 19.714 46.9051 -0.5514 -34.8204
-13.44 21.3563 46.1361 -0.5514 -34.8204
-13.203 22.9896 45.3252 -0.5514 -34.8204
-12.9743 24.7647 44.6487 -0.5514 -34.8204
-12.7533 26.386 43.7521 -0.5514 -34.8204
-12.5397 28.0092 42.8161 -0.5514 -34.8204
-12.3332 29.6377 41.841 -0.5514 -34.8204
-12.1334 31.2748 40.826 -0.5514 -34.8204
-14.3632 33.4312 44.7639 -0.0578 -46.094
-11.4855 30.4025 39.8055 -0.054 -31.8303
-7.5059 28.0146 35.4899 -0.0479 -16.786
-4.9395 27.3704 34.203 -0.0463 -8.0653
4.3812 27.0566 34.1649 0.4608 5.8484
6.973 27.6124 35.2868 0.5033 14.6194
10.9513 29.7078 39.1441 0.5395 29.4326
11.1314 28.034 40.1077 0.5395 29.4326
11.3175 26.3667 41.0291 0.5395 29.4326
11.5099 24.7023 41.9083 0.5395 29.4326
11.709 23.1714 42.912 0.5395 29.4326
11.9151 21.5062 43.7108 0.5395 29.4326
12.1286 19.8332 44.4658 0.5395 29.4326
12.3499 18.1484 45.1757 0.5395 29.4326
12.5794 16.4476 45.8383 0.5395 29.4326
13.1944 17.0944 46.5434 0.054 31.8303
8.6197 13.9778 41.374 0.0479 16.786
5.6723 13.1438 39.8572 0.0463 8.0653
-5.0312 13.3127 39.5988 -0.4608 -5.8484
-8.0073 14.0552 40.9027 -0.5033 -14.6194
-12.5794 16.7382 45.4853 -0.5395 -29.4326
-12.3499 18.4394 44.8158 -0.5395 -29.4326
-12.1286 20.1256 44.0994 -0.5395 -29.4326
-11.9151 21.8008 43.3379 -0.5395 -29.4326
-11.709 23.6019 42.6981 -0.5395 -29.4326
-11.5099 25.2625 41.8456 -0.5395 -29.4326
-11.3175 26.9236 40.9512 -0.5395 -29.4326
-11.1314 28.5887 40.0149 -0.5395 -29.4326
-10.9513 30.2615 39.0366 -0.5395 -29.4326
-11.4855 30.4025 39.8055 -0.054 -31.8303
-11.0801 29.9336 39.0419 -0.0529 -30.0056
-7.3871 27.849 35.2084 -0.0477 -16.1531
-5.0292 27.2704 34.0472 -0.0463 -8.1463
4.4505 26.9484 34.0047 0.4723 5.8484
6.8293 27.4422 35.0069 0.5135 13.8926
10.5157 29.2559 38.4027 0.5492 27.5171
10.6886 27.5673 39.3505 0.5492 27.5171
10.8672 25.8848 40.255 0.5492 27.5171
11.0519 24.2046 41.1164 0.5492 27.5171
11.243 22.6465 42.0907 0.5492 27.5171
11.4407 20.9639 42.869 0.5492 27.5171
11.6456 19.2727 43.6022 0.5492 27.5171
11.858 17.5689 44.2889 0.5492 27.5171
12.0782 15.8483 44.9271 0.5492 27.5171
12.7277 16.4816 45.6153 0.0529 30.0056
8.4831 13.7652 41.0365 0.0477 16.1531
5.7752 13.0167 39.6689 0.0463 8.1463
-5.1107 13.1892 39.402 -0.4723 -5.8484
-7.8421 13.8517 40.5647 -0.5135 -13.8926
-12.0782 16.1732 44.5862 -0.5492 -27.5171
-11.858 17.8935 43.94 -0.5492 -27.5171
-11.6456 19.5979 43.2455 -0.5492 -27.5171
-11.4407 21.2905 42.5046 -0.5492 -27.5171
-11.243 23.0978 41.874 -0.5492 -27.5171
-11.0519 24.775 41.0402 -0.5492 -27.5171
-10.8672 26.4521 40.1633 -0.5492 -27.5171
-10.6886 28.1327 39.2435 -0.5492 -27.5171
-10.5157 29.8204 38.2806 -0.5492 -27.5171
-11.0801 29.9336 39.0419 -0.0529 -30.0056
-10.6619 29.4873 38.2962 -0.052 -28.1565
-7.2669 27.6863 34.9297 -0.0476 -15.5165
-5.1203 27.1712 33.8917 -0.0463 -8.233
4.5213 26.8382 33.8461 0.4895 5.8541
6.6854 27.2756 34.7319 0.5237 13.1672
10.0667 28.8272 37.6832 0.559 25.575
10.2321 27.1247 38.6159 0.559 25.575
10.403 25.4277 39.5044 0.559 25.575
10.5797 23.7326 40.3488 0.559 25.575
10.7626 22.1487 41.2946 0.559 25.575
10.9518 20.4498 42.0535 0.559 25.575
11.1478 18.7415 42.766 0.559 25.575
11.351 17.0199 43.4308 0.559 25.575
11.5617 15.2808 44.0457 0.559 25.575
12.2464 15.8994 44.7129 0.052 28.1565
8.3448 13.5563 40.7027 0.0476 15.5165
5.8798 12.8906 39.4812 0.0463 8.233
-5.1919 13.0697 39.205 -0.4895 -5.8541
-7.6768 13.6531 40.2329 -0.5237 -13.1672
-11.5617 15.6397 43.7172 -0.559 -25.575
-11.351 17.3777 43.093 -0.559 -25.575
-11.1478 19.0991 42.4192 -0.559 -25.575
-10.9518 20.8081 41.6978 -0.559 -25.575
-10.7626 22.6209 41.0753 -0.559 -25.575
-10.5797 24.3136 40.2591 -0.559 -25.575
-10.403 26.0058 39.3989 -0.559 -25.575
-10.2321 27.701 38.4947 -0.559 -25.575
-10.0667 29.4029 37.5464 -0.559 -25.575
-10.6619 29.4873 38.2962 -0.052 -28.1565
-10.2313 29.0634 37.5706 -0.0511 -26.2832
-7.1462 27.5294 34.6531 -0.0533 -14.8798
-5.21 27.0724 33.7356 -0.0463 -8.314
4.5907 26.7313 33.6856 0.5011 5.8546
6.5389 27.1092 34.4618 0.5398 12.4331
9.6038 28.4212 36.9871 0.569 23.6032
9.7615 26.7054 37.9054 0.569 23.6032
9.9245 24.9949 38.7788 0.569 23.6032
10.093 23.2857 39.607 0.569 23.6032
10.2673 21.6773 40.5253 0.569 23.6032
10.4478 19.963 41.2656 0.569 23.6032
10.6347 18.2388 41.9586 0.569 23.6032
10.8284 16.5007 42.6027 0.569 23.6032
11.0292 14.7443 43.1957 0.569 23.6032
11.751 15.3476 43.8382 0.0511 26.2832
8.2061 13.3487 40.3743 0.0533 14.8798
5.9827 12.7652 39.2931 0.0463 8.314
-5.2715 12.948 39.0083 -0.5011 -5.8546
-7.5084 13.4615 39.9051 -0.5398 -12.4331
-11.0292 15.1368 42.8797 -0.569 -23.6032
-10.8284 16.8912 42.2761 -0.569 -23.6032
-10.6347 18.6285 41.6218 -0.569 -23.6032
-10.4478 20.3528 40.9189 -0.569 -23.6032
-10.2673 22.1703 40.3033 -0.569 -23.6032
-10.093 23.8778 39.504 -0.569 -23.6032
-9.9245 25.5841 38.6594 -0.569 -23.6032
-9.7615 27.2931 37.77 -0.569 -23.6032
-9.6038 29.0085 36.8356 -0.569 -23.6032
-10.2313 29.0634 37.5706 -0.0511 -26.2832
-9.7916 28.6658 36.8685 -0.0566 -24.3995
-7.0259 27.3728 34.3817 -0.0532 -14.2461
-5.3011 26.9773 33.5784 -0.0521 -8.4007
4.7865 26.6328 33.5552 0.5189 6.35
6.3922 26.949 34.1951 0.55 11.7005
9.1308 28.039 36.3199 0.5794 21.6174
9.2807 26.3108 37.2249 0.5794 21.6174
9.4356 24.5875 38.0839 0.5794 21.6174
9.5958 22.8652 38.8969 0.5794 21.6174
9.7614 21.2336 39.7886 0.5794 21.6174
9.9329 19.505 40.5115 0.5794 21.6174
10.1105 17.766 41.1862 0.5794 21.6174
10.2946 16.0125 41.8108 0.5794 21.6174
10.4855 14.2402 42.3832 0.5794 21.6174
11.2452 14.8248 42.9979 0.0566 24.3995
8.0677 13.148 40.0499 0.0532 14.2461
6.0872 12.6379 39.1062 0.0521 8.4007
-5.4963 12.8439 38.8439 -0.5189 -6.35
-7.3398 13.2716 39.5841 -0.55 -11.7005
-10.4855 14.6659 42.0796 -0.5794 -21.6174
-10.2946 16.4355 41.4954 -0.5794 -21.6174
-10.1105 18.1874 40.8593 -0.5794 -21.6174
-9.9329 19.9259 40.1737 -0.5794 -21.6174
-9.7614 21.7476 39.564 -0.5794 -21.6174
-9.5958 23.4686 38.7802 -0.5794 -21.6174
-9.4356 25.1882 37.9505 -0.5794 -21.6174
-9.2807 26.9102 37.0751 -0.5794 -21.6174
-9.1308 28.6382 36.1537 -0.5794 -21.6174
-9.7916 28.6658 36.8685 -0.0566 -24.3995
-9.3406 28.2873 36.1922 -0.0558 -22.4951
-6.9031 27.2187 34.1126 -0.0531 -13.6041
-5.5233 26.8958 33.4656 -0.0522 -9.0036
4.8411 26.523 33.3921 0.5361 6.2925
6.2443 26.792 33.9328 0.5603 10.9645
8.6478 27.6797 35.6829 0.59 19.6155
8.7897 25.9398 36.5751 0.59 19.6155
8.9364 24.2046 37.4207 0.59 19.6155
9.088 22.4701 38.2194 0.59 19.6155
9.2448 20.8166 39.0856 0.59 19.6155
9.4072 19.0747 39.7922 0.59 19.6155
9.5753 17.3219 40.4495 0.59 19.6155
9.7496 15.5542 41.0559 0.59 19.6155
9.9303 13.7672 41.6091 0.59 19.6155
10.7267 14.3342 42.1888 0.0558 22.4951
7.9265 12.9507 39.7288 0.0531 13.6041
6.3423 12.535 38.9679 0.0522 9.0036
-5.5589 12.7252 38.6427 -0.5361 -6.2925
-7.1699 13.086 39.2687 -0.5603 -10.9645
-9.9303 14.2255 41.318 -0.59 -19.6155
-9.7496 16.009 40.7517 -0.59 -19.6155
-9.5753 17.7745 40.1328 -0.59 -19.6155
-9.4072 19.5261 39.4632 -0.59 -19.6155
-9.2448 21.3513 38.8584 -0.59 -19.6155
-9.088 23.0851 38.0893 -0.59 -19.6155
-8.9364 24.8171 37.2735 -0.59 -19.6155
-8.7897 26.5511 36.411 -0.59 -19.6155
-8.6478 28.2911 35.502 -0.59 -19.6155
-9.3406 28.2873 36.1922 -0.0558 -22.4951
-8.81 27.9075 35.488 -0.055 -20.2852
-6.7812 27.0676 33.8478 -0.0529 -12.9676
-5.5969 26.797 33.3041 -0.0522 -9.0215
4.8956 26.4138 33.2288 0.5533 6.2349
8.0958 27.329 35.0365 0.5943 17.3559
8.2286 25.5777 35.9163 0.5943 17.3559
8.3659 23.8307 36.7486 0.5943 17.3559
8.5077 22.0842 37.5334 0.5943 17.3559
8.6545 20.4092 38.3741 0.5943 17.3559
8.8064 18.6544 39.0647 0.5943 17.3559
8.9638 16.8883 39.7051 0.5943 17.3559
9.1269 15.1069 40.2937 0.5943 17.3559
9.296 13.3056 40.828 0.5943 17.3559
10.1168 13.8423 41.3505 0.055 20.2852
7.7864 12.7576 39.413 0.0529 12.9676
6.4266 12.4095 38.7741 0.0522 9.0215
-5.6214 12.6074 38.4414 -0.5533 -6.2349
-9.296 13.7907 40.5512 -0.5943 -17.3559
-9.1269 15.5878 40.0027 -0.5943 -17.3559
-8.9638 17.3664 39.4006 -0.5943 -17.3559
-8.8064 19.1309 38.747 -0.5943 -17.3559
-8.6545 20.9595 38.1468 -0.5943 -17.3559
-8.5077 22.7057 37.3923 -0.5943 -17.3559
-8.3659 24.4499 36.5902 -0.5943 -17.3559
-8.2286 26.1959 35.7408 -0.5943 -17.3559
-8.0958 27.9475 34.8438 -0.5943 -17.3559
-8.81 27.9075 35.488 -0.055 -20.2852
-8.3523 27.5783 34.8813 -0.0543 -18.4023
-5.6701 26.6988 33.1424 -0.0522 -9.0384
4.9485 26.3079 33.0636 0.5648 6.171
7.6059 27.0209 34.4749 0.6002 15.3724
7.7307 25.2596 35.3439 0.6002 15.3724
7.8596 23.5025 36.1647 0.6002 15.3724
7.9928 21.7456 36.9372 0.6002 15.3724
8.1307 20.0513 37.7545 0.6002 15.3724
8.2734 18.2852 38.4311 0.6002 15.3724
8.4212 16.5077 39.0569 0.6002 15.3724
8.5743 14.7143 39.6299 0.6002 15.3724
8.7331 12.9009 40.148 0.6002 15.3724
9.5907 13.4176 40.6289 0.0543 18.4023
6.5107 12.2848 38.5802 0.0522 9.0384
-5.682 12.4874 38.2405 -0.5648 -6.171
-8.7331 13.4117 39.8849 -0.6002 -15.3724
-8.5743 15.2205 39.3518 -0.6002 -15.3724
-8.4212 17.0104 38.7642 -0.6002 -15.3724
-8.2734 18.7859 38.1244 -0.6002 -15.3724
-8.1307 20.6166 37.5266 -0.6002 -15.3724
-7.9928 22.3736 36.7848 -0.6002 -15.3724
-7.8596 24.1283 35.9946 -0.6002 -15.3724
-7.7307 25.8846 35.1564 -0.6002 -15.3724
-7.6059 27.6464 34.2701 -0.6002 -15.3724
-8.3523 27.5783 34.8813 -0.0543 -18.4023
-7.8907 27.2723 34.3045 -0.0598 -16.523
-5.7422 26.604 32.9787 -0.058 -9.0507
5.003 26.2001 32.9 0.582 6.1134
7.1121 26.7304 33.9502 0.6125 13.3907
7.2287 24.9599 34.809 0.6125 13.3907
7.3492 23.1934 35.619 0.6125 13.3907
7.4738 21.427 36.3803 0.6125 13.3907
7.6027 19.7144 37.1748 0.6125 13.3907
7.7361 17.938 37.8384 0.6125 13.3907
7.8743 16.1497 38.4504 0.6125 13.3907
8.0174 14.3454 39.0089 0.6125 13.3907
8.1659 12.5207 39.5117 0.6125 13.3907
9.0603 13.0171 39.9469 0.0598 16.523
6.5933 12.1578 38.3866 0.058 9.0507
-5.7445 12.3716 38.0396 -0.582 -6.1134
-8.1659 13.0625 39.2607 -0.6125 -13.3907
-8.0174 14.8819 38.7417 -0.6125 -13.3907
-7.8743 16.6822 38.1674 -0.6125 -13.3907
-7.7361 18.4678 37.5403 -0.6125 -13.3907
-7.6027 20.3001 36.9441 -0.6125 -13.3907
-7.4738 22.0671 36.2139 -0.6125 -13.3907
-7.3492 23.8315 35.4347 -0.6125 -13.3907
-7.2287 25.5974 34.6069 -0.6125 -13.3907
-7.1121 27.3686 33.7302 -0.6125 -13.3907
-7.8907 27.2723 34.3045 -0.0598 -16.523
-7.4275 26.983 33.7619 -0.0592 -14.6547
-5.8155 26.5071 32.8166 -0.058 -9.0676
5.0575 26.093 32.7363 0.5992 6.0558
6.6173 26.4622 33.4609 0.6196 11.4205
6.7258 24.6832 34.3104 0.6196 11.4205
6.8379 22.908 35.1104 0.6196 11.4205
6.9538 21.1327 35.8611 0.6196 11.4205
7.0737 19.403 36.634 0.6196 11.4205
7.1978 17.617 37.2856 0.6196 11.4205
7.3264 15.819 37.885 0.6196 11.4205
7.4595 14.0047 38.4303 0.6196 11.4205
7.5977 12.1697 38.9191 0.6196 11.4205
8.5282 12.6457 39.3042 0.0592 14.6547
6.6773 12.0348 38.1927 0.058 9.0676
-5.807 12.2566 37.8385 -0.5992 -6.0558
-7.5977 12.7362 38.6815 -0.6196 -11.4205
-7.4595 14.5653 38.1754 -0.6196 -11.4205
-7.3264 16.3752 37.6136 -0.6196 -11.4205
-7.1978 18.1702 36.9983 -0.6196 -11.4205
-7.0737 20.0035 36.4026 -0.6196 -11.4205
-6.9538 21.7796 35.6833 -0.6196 -11.4205
-6.8379 23.5531 34.9143 -0.6196 -11.4205
-6.7258 25.3277 34.096 -0.6196 -11.4205
-6.6173 27.1076 33.2285 -0.6196 -11.4205
-7.4275 26.983 33.7619 -0.0592 -14.6547
-6.018 26.5886 32.8544 -0.0928 -9.0507
-5.8888 26.4109 32.6544 -0.058 -9.0847
5.1106 25.9863 32.5719 0.6164 5.9925
6.1225 26.2122 33.0084 0.6274 9.4627
6.2229 24.4254 33.8492 0.6274 9.4627
6.3266 22.6423 34.6402 0.6274 9.4627
6.4338 20.8589 35.3812 0.6274 9.4627
6.5447 19.1129 36.1331 0.6274 9.4627
6.6595 17.3182 36.7737 0.6274 9.4627
6.7784 15.5111 37.3613 0.6274 9.4627
6.9016 13.6876 37.8943 0.6274 9.4627
7.0294 11.8431 38.3701 0.6274 9.4627
6.9094 12.0965 38.2606 0.0928 9.0507
6.7613 11.9126 37.9987 0.058 9.0847
-5.8678 12.1425 37.6373 -0.6164 -5.9925
-7.0294 12.4339 38.1457 -0.6274 -9.4627
-6.9016 14.272 37.6517 -0.6274 -9.4627
-6.7784 16.0906 37.1013 -0.6274 -9.4627
-6.6595 17.8941 36.4968 -0.6274 -9.4627
-6.5447 19.728 35.9008 -0.6274 -9.4627
-6.4338 21.5126 35.1915 -0.6274 -9.4627
-6.3266 23.2943 34.432 -0.6274 -9.4627
-6.2229 25.0771 33.6226 -0.6274 -9.4627
-6.1225 26.865 32.7634 -0.6274 -9.4627
-6.018 26.5886 32.8544 -0.0928 -9.0507
-6.0266 26.4039 32.5921 -0.0754 -9.0846
-5.9622 26.3211 32.4893 -0.0696 -9.1025
5.6308 25.9796 32.5932 0.6358 7.5275
5.7231 24.1856 33.426 0.6358 7.5275
5.8185 22.3952 34.2085 0.6358 7.5275
5.9171 20.6043 34.9406 0.6358 7.5275
6.0191 18.843 35.6724 0.6358 7.5275
6.1247 17.0402 36.3026 0.6358 7.5275
6.234 15.2249 36.8795 0.6358 7.5275
6.3473 13.3929 37.4011 0.6358 7.5275
6.4648 11.5397 37.865 0.6358 7.5275
6.9193 11.8828 37.9357 0.0754 9.0846
6.8455 11.7855 37.8064 0.0696 9.1025
-6.4648 12.1542 37.6536 -0.6358 -7.5275
-6.3473 14.0005 37.1706 -0.6358 -7.5275
-6.234 15.8272 36.6308 -0.6358 -7.5275
-6.1247 17.6386 36.0363 -0.6358 -7.5275
-6.0191 19.4725 35.4391 -0.6358 -7.5275
-5.9171 21.2648 34.7389 -0.6358 -7.5275
-5.8185 23.0542 33.9882 -0.6358 -7.5275
-5.7231 24.8444 33.1869 -0.6358 -7.5275
-5.6308 26.6397 32.3355 -0.6358 -7.5275
