X Y Z i j k
20.0000, 40.0476, 43.0624, -0.0022, -0.7566, 0.6538
20.0000, 30.0000, 32.3962, 0.0293, -0.1942, 0.9805
21.0087, 30.0000, 32.3592, 0.0294, -0.1943, 0.9805
20.0000, 47.2551, 46.6102, -0.0001, -0.1314, 0.9913
20.0000, 44.6214, 45.8404, -0.0004, -0.2599, 0.9656
20.0000, 65.5392, 37.1708, -0.0076, 0.5489, 0.8359
20.0000, 61.1765, 42.6146, -0.0000, 0.7621, 0.6474
20.0000, 58.3058, 44.9529, -0.0000, 0.4332, 0.9013
20.0000, 53.1474, 47.0283, -0.0000, 0.1803, 0.9836
20.0000, 48.7084, 47.2550, 0.0001, -0.0589, 0.9983
20.0000, 45.0373, 46.5786, -0.0001, -0.2204, 0.9754
20.0000, 40.1854, 43.8644, -0.0027, -0.7591, 0.6510
20.0000, 30.0000, 33.0992, 0.0290, -0.1923, 0.9809
40.1742, 30.0000, 32.3592, 0.0237, -0.1591, 0.9870
60.0000, 55.3786, 45.8404, 0.0004, 0.2599, 0.9656
60.0000, 52.7448, 46.6102, 0.0001, 0.1314, 0.9913
58.9913, 70.0000, 32.3592, -0.0294, 0.1943, 0.9805
60.0000, 70.0000, 32.3962, -0.0293, 0.1942, 0.9805
60.0000, 59.9525, 43.0623, 0.0022, 0.7566, 0.6539
39.8258, 70.0000, 32.3592, -0.0237, 0.1591, 0.9870
60.0000, 70.0000, 33.0993, -0.0290, 0.1923, 0.9809
60.0000, 59.8147, 43.8644, 0.0027, 0.7591, 0.6510
60.0000, 54.9627, 46.5786, 0.0001, 0.2204, 0.9754
60.0000, 51.2916, 47.2550, -0.0001, 0.0589, 0.9983
60.0000, 46.8526, 47.0283, 0.0000, -0.1803, 0.9836
60.0000, 41.6942, 44.9529, 0.0000, -0.4332, 0.9013
60.0000, 38.8235, 42.6146, 0.0000, -0.7621, 0.6474
60.0000, 34.4608, 37.1708, 0.0076, -0.5489, 0.8359
59.9859, 30.0000, 32.3725, 0.0179, -0.1231, 0.9922
60.0000, 39.9822, 44.3858, -0.0015, -0.7956, 0.6058
60.0000, 44.7361, 47.0478, 0.0000, -0.3908, 0.9205
60.0000, 48.3352, 47.7088, 0.0000, -0.0110, 0.9999
60.0000, 53.4919, 47.4979, -0.0002, 0.1341, 0.9910
60.0000, 58.5409, 45.4565, -0.0003, 0.5014, 0.8652
60.0000, 61.3539, 43.1653, -0.0003, 0.7123, 0.7019
60.0000, 70.0000, 33.8393, -0.0286, 0.1903, 0.9813
20.0000, 70.0000, 32.3724, -0.0179, 0.1231, 0.9922
20.0000, 60.0178, 44.3858, 0.0015, 0.7956, 0.6058
20.0000, 55.2639, 47.0478, -0.0000, 0.3908, 0.9205
20.0000, 51.6648, 47.7088, -0.0000, 0.0110, 0.9999
20.0000, 46.5081, 47.4979, 0.0002, -0.1341, 0.9910
20.0000, 41.4591, 45.4565, 0.0003, -0.5014, 0.8652
20.0000, 38.6461, 43.1653, 0.0003, -0.7123, 0.7019
20.0000, 30.0000, 33.8393, 0.0286, -0.1903, 0.9813
59.9859, 30.0000, 32.3725, 0.0179, -0.1231, 0.9922
60.0000, 30.0000, 33.1403, 0.0174, -0.1240, 0.9921
60.0000, 39.7784, 44.9085, -0.0015, -0.7892, 0.6142
60.0000, 44.4353, 47.5162, 0.0000, -0.3866, 0.9222
60.0000, 47.9610, 48.1637, 0.0000, -0.0133, 0.9999
60.0000, 53.8298, 47.9585, -0.0004, 0.1336, 0.9910
60.0000, 58.7754, 45.9588, -0.0005, 0.4951, 0.8688
60.0000, 61.5309, 43.7146, -0.0005, 0.7049, 0.7093
60.0000, 70.0000, 34.5794, -0.0282, 0.1883, 0.9817
20.0000, 70.0000, 33.1403, -0.0174, 0.1240, 0.9921
20.0000, 60.2216, 44.9085, 0.0015, 0.7892, 0.6142
20.0000, 55.5647, 47.5162, -0.0000, 0.3866, 0.9222
20.0000, 52.0390, 48.1637, -0.0000, 0.0133, 0.9999
20.0000, 46.1702, 47.9585, 0.0004, -0.1336, 0.9910
20.0000, 41.2246, 45.9588, 0.0005, -0.4951, 0.8688
20.0000, 38.4691, 43.7146, 0.0005, -0.7049, 0.7093
20.0000, 30.0000, 34.5794, 0.0282, -0.1883, 0.9817
60.0000, 30.0000, 33.1403, 0.0174, -0.1240, 0.9921
60.0000, 30.0000, 33.9082, 0.0170, -0.1249, 0.9920
60.0000, 39.5747, 45.4313, 0.0001, -0.6047, 0.7965
60.0000, 44.1346, 47.9846, 0.0001, -0.3824, 0.9240
60.0000, 47.5868, 48.6186, 0.0001, -0.0156, 0.9999
60.0000, 54.1677, 48.4190, -0.0006, 0.1331, 0.9911
60.0000, 59.0100, 46.4612, -0.0007, 0.4887, 0.8725
60.0000, 61.7078, 44.2638, -0.0007, 0.6974, 0.7167
60.0000, 70.0000, 35.3195, -0.0278, 0.1863, 0.9821
20.0000, 70.0000, 33.9082, -0.0170, 0.1249, 0.9920
20.0000, 60.4253, 45.4313, -0.0001, 0.6047, 0.7965
20.0000, 55.8654, 47.9846, -0.0001, 0.3824, 0.9240
20.0000, 52.4132, 48.6186, -0.0001, 0.0156, 0.9999
20.0000, 45.8323, 48.4190, 0.0006, -0.1331, 0.9911
20.0000, 40.9900, 46.4612, 0.0007, -0.4887, 0.8725
20.0000, 38.2922, 44.2638, 0.0007, -0.6974, 0.7167
20.0000, 30.0000, 35.3195, 0.0278, -0.1863, 0.9821
60.0000, 30.0000, 33.9082, 0.0170, -0.1249, 0.9920
60.0000, 30.0000, 34.6762, 0.0166, -0.1258, 0.9919
60.0000, 39.3710, 45.9540, 0.0001, -0.5975, 0.8018
60.0000, 43.8339, 48.4530, 0.0001, -0.3783, 0.9257
60.0000, 47.2126, 49.0736, 0.0001, -0.0179, 0.9998
60.0000, 54.5055, 48.8796, -0.0008, 0.1326, 0.9912
60.0000, 59.2445, 46.9635, -0.0009, 0.4822, 0.8761
60.0000, 61.8848, 44.8130, -0.0009, 0.6897, 0.7241
60.0000, 70.0000, 36.0596, -0.0274, 0.1844, 0.9825
20.0000, 70.0000, 34.6762, -0.0166, 0.1258, 0.9919
20.0000, 60.6290, 45.9540, -0.0001, 0.5975, 0.8018
20.0000, 56.1661, 48.4530, -0.0001, 0.3783, 0.9257
20.0000, 52.7874, 49.0736, -0.0001, 0.0179, 0.9998
20.0000, 45.4945, 48.8795, 0.0008, -0.1326, 0.9912
20.0000, 40.7555, 46.9635, 0.0009, -0.4822, 0.8761
20.0000, 38.1152, 44.8130, 0.0009, -0.6897, 0.7241
20.0000, 30.0000, 36.0596, 0.0274, -0.1844, 0.9825
60.0000, 30.0000, 34.6762, 0.0166, -0.1258, 0.9919
60.0000, 30.0000, 35.4441, 0.0162, -0.1266, 0.9918
60.0000, 39.1673, 46.4767, 0.0001, -0.5903, 0.8072
60.0000, 43.5331, 48.9214, 0.0001, -0.3740, 0.9274
60.0000, 46.8384, 49.5285, 0.0001, -0.0203, 0.9998
60.0000, 53.1677, 49.5359, -0.0010, 0.0622, 0.9981
60.0000, 58.0153, 48.2854, -0.0011, 0.4054, 0.9141
60.0000, 62.0617, 45.3622, -0.0011, 0.6817, 0.7316
60.0000, 70.0000, 36.7997, -0.0270, 0.1824, 0.9829
20.0000, 70.0000, 35.4441, -0.0162, 0.1266, 0.9918
20.0000, 60.8327, 46.4767, -0.0001, 0.5903, 0.8072
20.0000, 56.4669, 48.9214, -0.0001, 0.3740, 0.9274
20.0000, 53.1616, 49.5285, -0.0001, 0.0203, 0.9998
20.0000, 46.8323, 49.5359, 0.0010, -0.0622, 0.9981
20.0000, 41.9847, 48.2854, 0.0011, -0.4054, 0.9141
20.0000, 37.9383, 45.3622, 0.0011, -0.6817, 0.7316
20.0000, 30.0000, 36.7997, 0.0270, -0.1824, 0.9829
60.0000, 30.0000, 35.4441, 0.0162, -0.1266, 0.9918
60.0000, 30.0000, 36.2120, 0.0158, -0.1275, 0.9917
60.0000, 38.9636, 46.9995, 0.0001, -0.5830, 0.8125
60.0000, 43.2324, 49.3899, 0.0001, -0.3698, 0.9291
60.0000, 46.4642, 49.9834, 0.0001, -0.0226, 0.9997
60.0000, 53.5429, 49.9921, -0.0012, 0.0629, 0.9980
60.0000, 58.2825, 48.7694, -0.0013, 0.3999, 0.9166
60.0000, 62.2387, 45.9114, -0.0013, 0.6736, 0.7391
60.0000, 70.0000, 37.5398, -0.0266, 0.1805, 0.9832
20.0000, 70.0000, 36.2120, -0.0158, 0.1275, 0.9917
20.0000, 61.0364, 46.9995, -0.0001, 0.5830, 0.8125
20.0000, 56.7676, 49.3899, -0.0001, 0.3698, 0.9291
20.0000, 53.5358, 49.9834, -0.0001, 0.0226, 0.9997
20.0000, 46.4571, 49.9921, 0.0012, -0.0629, 0.9980
20.0000, 41.7175, 48.7694, 0.0013, -0.3999, 0.9166
20.0000, 37.7613, 45.9114, 0.0013, -0.6736, 0.7391
20.0000, 30.0000, 37.5398, 0.0266, -0.1805, 0.9832
60.0000, 30.0000, 36.2120, 0.0158, -0.1275, 0.9917
60.0000, 30.0000, 36.9799, 0.0154, -0.1283, 0.9916
60.0000, 38.7599, 47.5222, 0.0001, -0.5755, 0.8178
60.0000, 42.9317, 49.8583, 0.0001, -0.3655, 0.9308
60.0000, 46.0901, 50.4383, 0.0001, -0.0250, 0.9997
60.0000, 53.9181, 50.4483, -0.0013, 0.0636, 0.9980
60.0000, 58.5496, 49.2535, -0.0015, 0.3943, 0.9190
60.0000, 62.4157, 46.4606, -0.0015, 0.6652, 0.7466
60.0000, 70.0000, 38.2799, -0.0262, 0.1785, 0.9836
20.0000, 70.0000, 36.9799, -0.0154, 0.1283, 0.9916
20.0000, 61.2401, 47.5222, -0.0001, 0.5755, 0.8178
20.0000, 57.0683, 49.8583, -0.0001, 0.3655, 0.9308
20.0000, 53.9099, 50.4383, -0.0001, 0.0250, 0.9997
20.0000, 46.0819, 50.4483, 0.0013, -0.0636, 0.9980
20.0000, 41.4504, 49.2535, 0.0015, -0.3943, 0.9190
20.0000, 37.5843, 46.4606, 0.0015, -0.6652, 0.7466
20.0000, 30.0000, 38.2799, 0.0262, -0.1785, 0.9836
60.0000, 30.0000, 36.9799, 0.0154, -0.1283, 0.9916
60.0000, 30.0000, 37.7478, 0.0150, -0.1291, 0.9915
60.0000, 38.5561, 48.0450, 0.0002, -0.5679, 0.8231
60.0000, 42.6309, 50.3267, 0.0002, -0.3612, 0.9325
60.0000, 45.7159, 50.8933, 0.0001, -0.0275, 0.9996
60.0000, 54.2933, 50.9045, -0.0015, 0.0643, 0.9979
60.0000, 58.8168, 49.7375, -0.0017, 0.3887, 0.9214
60.0000, 62.5926, 47.0099, -0.0017, 0.6567, 0.7542
60.0000, 70.0000, 39.0200, -0.0259, 0.1766, 0.9839
20.0000, 70.0000, 37.7478, -0.0150, 0.1291, 0.9915
20.0000, 61.4439, 48.0450, -0.0002, 0.5679, 0.8231
20.0000, 57.3691, 50.3267, -0.0002, 0.3612, 0.9325
20.0000, 54.2841, 50.8933, -0.0001, 0.0275, 0.9996
20.0000, 45.7067, 50.9045, 0.0015, -0.0643, 0.9979
20.0000, 41.1832, 49.7375, 0.0017, -0.3887, 0.9214
20.0000, 37.4074, 47.0099, 0.0017, -0.6567, 0.7542
20.0000, 30.0000, 39.0200, 0.0259, -0.1766, 0.9839
60.0000, 30.0000, 37.7478, 0.0150, -0.1291, 0.9915
60.0000, 30.0000, 38.5157, 0.0146, -0.1300, 0.9914
60.0000, 38.3524, 48.5677, 0.0002, -0.5602, 0.8283
60.0000, 42.3302, 50.7951, 0.0002, -0.3569, 0.9342
60.0000, 45.3417, 51.3482, 0.0002, -0.0299, 0.9996
60.0000, 54.6686, 51.3606, -0.0017, 0.0650, 0.9979
60.0000, 59.0839, 50.2216, -0.0019, 0.3830, 0.9238
60.0000, 62.7696, 47.5591, -0.0019, 0.6479, 0.7618
60.0000, 70.0000, 39.7601, -0.0255, 0.1747, 0.9843
20.0000, 70.0000, 38.5157, -0.0146, 0.1300, 0.9914
20.0000, 61.6476, 48.5677, -0.0002, 0.5602, 0.8283
20.0000, 57.6698, 50.7951, -0.0002, 0.3569, 0.9342
20.0000, 54.6583, 51.3482, -0.0002, 0.0299, 0.9996
20.0000, 45.3314, 51.3606, 0.0017, -0.0650, 0.9979
20.0000, 40.9161, 50.2216, 0.0019, -0.3830, 0.9238
20.0000, 37.2304, 47.5591, 0.0019, -0.6479, 0.7618
20.0000, 30.0000, 39.7601, 0.0255, -0.1747, 0.9843
60.0000, 30.0000, 38.5157, 0.0146, -0.1300, 0.9914
60.0000, 30.0000, 39.2836, 0.0142, -0.1308, 0.9913
60.0000, 38.1487, 49.0904, 0.0002, -0.5524, 0.8336
60.0000, 42.0295, 51.2635, 0.0002, -0.2837, 0.9589
60.0000, 44.9675, 51.8031, 0.0002, -0.0324, 0.9995
60.0000, 55.0438, 51.8168, -0.0019, 0.0657, 0.9978
60.0000, 59.3511, 50.7056, -0.0021, 0.3772, 0.9261
60.0000, 62.9465, 48.1083, -0.0021, 0.6389, 0.7693
60.0000, 70.0000, 40.5001, -0.0251, 0.1727, 0.9846
20.0000, 70.0000, 39.2836, -0.0142, 0.1308, 0.9913
20.0000, 61.8513, 49.0904, -0.0002, 0.5524, 0.8336
20.0000, 57.9705, 51.2635, -0.0002, 0.2837, 0.9589
20.0000, 55.0325, 51.8031, -0.0002, 0.0324, 0.9995
20.0000, 44.9562, 51.8168, 0.0019, -0.0657, 0.9978
20.0000, 40.6489, 50.7056, 0.0021, -0.3772, 0.9261
20.0000, 37.0535, 48.1083, 0.0021, -0.6389, 0.7693
20.0000, 30.0000, 40.5001, 0.0251, -0.1727, 0.9846
60.0000, 30.0000, 39.2836, 0.0142, -0.1308, 0.9913
60.0000, 30.0000, 40.0515, 0.0139, -0.1316, 0.9912
60.0000, 37.9450, 49.6132, 0.0002, -0.5445, 0.8388
60.0000, 41.7287, 51.7319, 0.0002, -0.2809, 0.9597
60.0000, 44.5933, 52.2580, 0.0002, -0.0349, 0.9994
60.0000, 55.4190, 52.2730, -0.0021, 0.0664, 0.9978
60.0000, 59.6183, 51.1897, -0.0023, 0.3714, 0.9285
60.0000, 63.1235, 48.6575, -0.0023, 0.6296, 0.7769
60.0000, 70.0000, 41.2402, -0.0247, 0.1708, 0.9850
20.0000, 70.0000, 40.0515, -0.0139, 0.1316, 0.9912
20.0000, 62.0550, 49.6132, -0.0002, 0.5445, 0.8388
20.0000, 58.2713, 51.7319, -0.0002, 0.2809, 0.9597
20.0000, 55.4067, 52.2580, -0.0002, 0.0349, 0.9994
20.0000, 44.5810, 52.2730, 0.0021, -0.0664, 0.9978
20.0000, 40.3817, 51.1897, 0.0023, -0.3714, 0.9285
20.0000, 36.8765, 48.6575, 0.0023, -0.6296, 0.7769
20.0000, 30.0000, 41.2402, 0.0247, -0.1708, 0.9850
60.0000, 30.0000, 40.0515, 0.0139, -0.1316, 0.9912
60.0000, 30.0000, 40.8194, 0.0135, -0.1324, 0.9911
60.0000, 37.7413, 50.1359, 0.0002, -0.5364, 0.8439
60.0000, 41.4280, 52.2003, 0.0002, -0.2781, 0.9605
60.0000, 44.2191, 52.7129, 0.0002, -0.0374, 0.9993
60.0000, 55.7942, 52.7292, -0.0022, 0.0672, 0.9977
60.0000, 59.8854, 51.6738, -0.0025, 0.3656, 0.9308
60.0000, 63.3004, 49.2067, -0.0025, 0.6201, 0.7845
60.0000, 70.0000, 41.9803, -0.0243, 0.1689, 0.9853
20.0000, 70.0000, 40.8194, -0.0135, 0.1324, 0.9911
20.0000, 62.2587, 50.1359, -0.0002, 0.5364, 0.8439
20.0000, 58.5720, 52.2003, -0.0002, 0.2781, 0.9605
20.0000, 55.7809, 52.7129, -0.0002, 0.0374, 0.9993
20.0000, 44.2058, 52.7292, 0.0022, -0.0672, 0.9977
20.0000, 40.1146, 51.6738, 0.0025, -0.3656, 0.9308
20.0000, 36.6996, 49.2067, 0.0025, -0.6201, 0.7845
20.0000, 30.0000, 41.9803, 0.0243, -0.1689, 0.9853
60.0000, 30.0000, 40.8194, 0.0135, -0.1324, 0.9911
60.0000, 30.0000, 41.5873, 0.0131, -0.1332, 0.9910
60.0000, 37.5375, 50.6587, 0.0003, -0.5283, 0.8491
60.0000, 41.1272, 52.6687, 0.0003, -0.2753, 0.9614
60.0000, 43.8449, 53.1679, 0.0002, -0.0400, 0.9992
60.0000, 56.1694, 53.1853, -0.0024, 0.0679, 0.9977
60.0000, 58.8834, 52.6853, -0.0027, 0.2655, 0.9641
60.0000, 62.4703, 50.6787, -0.0027, 0.5215, 0.8532
60.0000, 70.0000, 42.7204, -0.0240, 0.1670, 0.9857
20.0000, 70.0000, 41.5873, -0.0131, 0.1332, 0.9910
20.0000, 62.4625, 50.6586, -0.0003, 0.5283, 0.8491
20.0000, 58.8728, 52.6687, -0.0003, 0.2753, 0.9614
20.0000, 56.1551, 53.1679, -0.0002, 0.0400, 0.9992
20.0000, 43.8306, 53.1853, 0.0024, -0.0679, 0.9977
20.0000, 41.1166, 52.6853, 0.0027, -0.2655, 0.9641
20.0000, 37.5297, 50.6788, 0.0027, -0.5215, 0.8532
20.0000, 30.0000, 42.7204, 0.0240, -0.1670, 0.9857
60.0000, 30.0000, 41.5873, 0.0131, -0.1332, 0.9910
60.0000, 30.0000, 42.3552, 0.0127, -0.1340, 0.9909
60.0000, 37.3338, 51.1814, 0.0003, -0.5200, 0.8542
60.0000, 40.8265, 53.1372, 0.0003, -0.2725, 0.9622
60.0000, 43.4707, 53.6228, 0.0002, -0.0426, 0.9991
60.0000, 56.5447, 53.6415, -0.0026, 0.0687, 0.9976
60.0000, 59.1850, 53.1550, -0.0029, 0.2617, 0.9651
60.0000, 62.6746, 51.2029, -0.0030, 0.5125, 0.8587
60.0000, 70.0000, 43.4605, -0.0236, 0.1652, 0.9860
20.0000, 70.0000, 42.3552, -0.0127, 0.1340, 0.9909
20.0000, 62.6662, 51.1814, -0.0003, 0.5200, 0.8542
20.0000, 59.1735, 53.1372, -0.0003, 0.2725, 0.9622
20.0000, 56.5293, 53.6228, -0.0002, 0.0426, 0.9991
20.0000, 43.4553, 53.6415, 0.0026, -0.0687, 0.9976
20.0000, 40.8150, 53.1550, 0.0029, -0.2617, 0.9651
20.0000, 37.3254, 51.2029, 0.0030, -0.5125, 0.8587
20.0000, 30.0000, 43.4605, 0.0236, -0.1652, 0.9860
60.0000, 30.0000, 42.3552, 0.0127, -0.1340, 0.9909
60.0000, 30.0000, 43.1232, 0.0124, -0.1348, 0.9908
60.0000, 37.1301, 51.7041, 0.0003, -0.5116, 0.8592
60.0000, 40.5258, 53.6056, 0.0003, -0.2696, 0.9630
60.0000, 43.0966, 54.0777, 0.0003, -0.0452, 0.9990
60.0000, 56.9199, 54.0977, -0.0028, 0.0694, 0.9976
60.0000, 59.4866, 53.6248, -0.0031, 0.2579, 0.9662
60.0000, 62.8788, 51.7271, -0.0032, 0.5034, 0.8641
60.0000, 70.0000, 44.2006, -0.0232, 0.1633, 0.9863
20.0000, 70.0000, 43.1232, -0.0124, 0.1348, 0.9908
20.0000, 62.8699, 51.7041, -0.0003, 0.5116, 0.8592
20.0000, 59.4742, 53.6056, -0.0003, 0.2696, 0.9630
20.0000, 56.9034, 54.0777, -0.0003, 0.0452, 0.9990
20.0000, 43.0801, 54.0977, 0.0028, -0.0694, 0.9976
20.0000, 40.5134, 53.6248, 0.0031, -0.2579, 0.9662
20.0000, 37.1212, 51.7271, 0.0032, -0.5034, 0.8641
20.0000, 30.0000, 44.2006, 0.0232, -0.1633, 0.9863
60.0000, 30.0000, 43.1232, 0.0124, -0.1348, 0.9908
60.0000, 30.0000, 43.8911, 0.0120, -0.1355, 0.9907
60.0000, 36.9264, 52.2269, 0.0003, -0.5031, 0.8642
60.0000, 40.2250, 54.0740, 0.0003, -0.2668, 0.9638
60.0000, 42.7224, 54.5326, 0.0003, -0.0479, 0.9989
60.0000, 57.2951, 54.5539, -0.0030, 0.0702, 0.9975
60.0000, 59.7882, 54.0945, -0.0033, 0.2540, 0.9672
60.0000, 63.0831, 52.2513, -0.0034, 0.4941, 0.8694
60.0000, 70.0000, 44.9407, -0.0229, 0.1614, 0.9866
20.0000, 70.0000, 43.8911, -0.0120, 0.1355, 0.9907
20.0000, 63.0736, 52.2269, -0.0003, 0.5031, 0.8642
20.0000, 59.7750, 54.0740, -0.0003, 0.2668, 0.9638
20.0000, 57.2776, 54.5326, -0.0003, 0.0479, 0.9989
20.0000, 42.7049, 54.5539, 0.0030, -0.0702, 0.9975
20.0000, 40.2118, 54.0945, 0.0033, -0.2540, 0.9672
20.0000, 36.9169, 52.2513, 0.0034, -0.4941, 0.8694
20.0000, 30.0000, 44.9407, 0.0229, -0.1614, 0.9866
60.0000, 30.0000, 43.8911, 0.0120, -0.1355, 0.9907
60.0000, 30.0000, 44.6590, 0.0116, -0.1363, 0.9906
60.0000, 36.7227, 52.7496, 0.0003, -0.4945, 0.8692
60.0000, 39.9243, 54.5424, 0.0003, -0.2639, 0.9646
60.0000, 42.3482, 54.9876, 0.0003, -0.0505, 0.9987
60.0000, 57.6703, 55.0101, -0.0032, 0.0710, 0.9975
60.0000, 60.0898, 54.5643, -0.0035, 0.2501, 0.9682
60.0000, 63.2874, 52.7755, -0.0036, 0.4846, 0.8747
60.0000, 70.0000, 45.6808, -0.0225, 0.1595, 0.9869
20.0000, 70.0000, 44.6590, -0.0116, 0.1363, 0.9906
20.0000, 63.2773, 52.7496, -0.0003, 0.4945, 0.8692
20.0000, 60.0757, 54.5424, -0.0003, 0.2639, 0.9646
20.0000, 57.6518, 54.9876, -0.0003, 0.0505, 0.9987
20.0000, 42.3297, 55.0101, 0.0032, -0.0710, 0.9975
20.0000, 39.9102, 54.5643, 0.0035, -0.2501, 0.9682
20.0000, 36.7126, 52.7755, 0.0036, -0.4846, 0.8747
20.0000, 30.0000, 45.6808, 0.0225, -0.1595, 0.9869
60.0000, 30.0000, 44.6590, 0.0116, -0.1363, 0.9906
60.0000, 30.0000, 45.4269, 0.0113, -0.1371, 0.9905
60.0000, 36.5190, 53.2723, 0.0004, -0.4858, 0.8741
60.0000, 39.6236, 55.0108, 0.0004, -0.2610, 0.9653
60.0000, 41.9740, 55.4425, 0.0003, -0.0532, 0.9986
60.0000, 58.0455, 55.4662, -0.0034, 0.0717, 0.9974
60.0000, 60.3913, 55.0340, -0.0037, 0.2461, 0.9692
60.0000, 63.4917, 53.2997, -0.0038, 0.4750, 0.8800
60.0000, 70.0000, 46.4209, -0.0221, 0.1577, 0.9872
33.9266, 70.0000, 45.4644, -0.0153, 0.1152, 0.9932
20.0000, 70.0000, 45.4269, -0.0113, 0.1371, 0.9905
20.0000, 63.4810, 53.2723, -0.0004, 0.4858, 0.8741
20.0000, 60.3764, 55.0108, -0.0004, 0.2610, 0.9653
20.0000, 58.0260, 55.4425, -0.0003, 0.0532, 0.9986
20.0000, 41.9545, 55.4662, 0.0034, -0.0717, 0.9974
20.0000, 39.6087, 55.0340, 0.0037, -0.2461, 0.9692
20.0000, 36.5083, 53.2997, 0.0038, -0.4750, 0.8800
20.0000, 30.0000, 46.4209, 0.0221, -0.1577, 0.9872
46.0734, 30.0000, 45.4644, 0.0153, -0.1152, 0.9932
60.0000, 30.0000, 45.4269, 0.0113, -0.1371, 0.9905
60.0000, 30.0000, 46.1948, 0.0109, -0.1378, 0.9904
60.0000, 36.3152, 53.7951, 0.0004, -0.4770, 0.8789
60.0000, 39.3228, 55.4792, 0.0004, -0.2581, 0.9661
60.0000, 41.5998, 55.8974, 0.0003, -0.0560, 0.9984
60.0000, 58.4208, 55.9224, -0.0036, 0.0725, 0.9974
60.0000, 60.6929, 55.5038, -0.0039, 0.2422, 0.9702
60.0000, 63.6960, 53.8238, -0.0040, 0.4652, 0.8852
60.0000, 70.0000, 47.1610, -0.0218, 0.1558, 0.9875
34.7450, 70.0000, 46.2345, -0.0152, 0.1148, 0.9933
20.0000, 70.0000, 46.1948, -0.0109, 0.1378, 0.9904
20.0000, 63.6848, 53.7951, -0.0004, 0.4770, 0.8789
20.0000, 60.6772, 55.4792, -0.0004, 0.2581, 0.9661
20.0000, 58.4002, 55.8974, -0.0003, 0.0560, 0.9984
20.0000, 41.5792, 55.9224, 0.0036, -0.0725, 0.9974
20.0000, 39.3071, 55.5038, 0.0039, -0.2422, 0.9702
20.0000, 36.3040, 53.8238, 0.0040, -0.4652, 0.8852
20.0000, 30.0000, 47.1610, 0.0218, -0.1558, 0.9875
45.2550, 30.0000, 46.2345, 0.0152, -0.1148, 0.9933
60.0000, 30.0000, 46.1948, 0.0109, -0.1378, 0.9904
60.0000, 30.0000, 46.9627, 0.0105, -0.1386, 0.9903
60.0000, 36.1115, 54.3178, 0.0004, -0.4680, 0.8837
60.0000, 39.0221, 55.9476, 0.0004, -0.2551, 0.9669
60.0000, 41.2256, 56.3523, 0.0004, -0.0587, 0.9983
60.0000, 58.7960, 56.3786, -0.0038, 0.0733, 0.9973
60.0000, 60.9945, 55.9735, -0.0042, 0.2382, 0.9712
60.0000, 63.9002, 54.3480, -0.0043, 0.4553, 0.8903
60.0000, 70.0000, 47.9010, -0.0214, 0.1540, 0.9878
35.5633, 70.0000, 47.0046, -0.0150, 0.1144, 0.9933
20.0000, 70.0000, 46.9627, -0.0105, 0.1386, 0.9903
20.0000, 63.8885, 54.3178, -0.0004, 0.4680, 0.8837
20.0000, 60.9779, 55.9476, -0.0004, 0.2551, 0.9669
20.0000, 58.7744, 56.3523, -0.0004, 0.0587, 0.9983
20.0000, 41.2040, 56.3786, 0.0038, -0.0733, 0.9973
20.0000, 39.0055, 55.9735, 0.0042, -0.2382, 0.9712
20.0000, 36.0998, 54.3480, 0.0043, -0.4553, 0.8903
20.0000, 30.0000, 47.9010, 0.0214, -0.1540, 0.9878
44.4367, 30.0000, 47.0046, 0.0150, -0.1144, 0.9933
60.0000, 30.0000, 46.9627, 0.0105, -0.1386, 0.9903
60.0000, 30.0000, 47.7306, 0.0102, -0.1393, 0.9902
60.0000, 35.9078, 54.8406, 0.0004, -0.4590, 0.8885
60.0000, 38.7214, 56.4160, 0.0004, -0.2522, 0.9677
60.0000, 40.8514, 56.8073, 0.0004, -0.1009, 0.9949
60.0000, 59.1712, 56.8348, -0.0040, 0.0793, 0.9968
60.0000, 61.2961, 56.4433, -0.0044, 0.2341, 0.9722
60.0000, 64.1045, 54.8722, -0.0045, 0.4453, 0.8954
60.0000, 70.0000, 48.6411, -0.0210, 0.1522, 0.9881
36.3817, 70.0000, 47.7747, -0.0149, 0.1139, 0.9934
20.0000, 70.0000, 47.7306, -0.0102, 0.1393, 0.9902
20.0000, 64.0922, 54.8406, -0.0004, 0.4590, 0.8885
20.0000, 61.2786, 56.4160, -0.0004, 0.2522, 0.9677
20.0000, 59.1486, 56.8073, -0.0004, 0.1009, 0.9949
20.0000, 40.8288, 56.8348, 0.0040, -0.0793, 0.9968
20.0000, 38.7039, 56.4433, 0.0044, -0.2341, 0.9722
20.0000, 35.8955, 54.8722, 0.0045, -0.4453, 0.8954
20.0000, 30.0000, 48.6411, 0.0210, -0.1522, 0.9881
43.6183, 30.0000, 47.7747, 0.0149, -0.1139, 0.9934
60.0000, 30.0000, 47.7306, 0.0102, -0.1393, 0.9902
60.0000, 30.0000, 48.4985, 0.0098, -0.1401, 0.9901
60.0000, 35.7041, 55.3633, 0.0005, -0.4498, 0.8931
60.0000, 38.4206, 56.8845, 0.0004, -0.2492, 0.9685
60.0000, 40.4772, 57.2622, 0.0004, -0.1026, 0.9947
60.0000, 59.5464, 57.2909, -0.0042, 0.0799, 0.9968
60.0000, 61.5977, 56.9130, -0.0046, 0.2300, 0.9732
60.0000, 64.3088, 55.3964, -0.0047, 0.4351, 0.9004
60.0000, 70.0000, 49.3812, -0.0207, 0.1503, 0.9884
37.2001, 70.0000, 48.5448, -0.0148, 0.1135, 0.9934
20.0000, 70.0000, 48.4985, -0.0098, 0.1401, 0.9901
20.0000, 64.2959, 55.3633, -0.0005, 0.4498, 0.8931
20.0000, 61.5794, 56.8845, -0.0004, 0.2492, 0.9685
20.0000, 59.5228, 57.2622, -0.0004, 0.1026, 0.9947
20.0000, 40.4536, 57.2909, 0.0042, -0.0799, 0.9968
20.0000, 38.4023, 56.9130, 0.0046, -0.2300, 0.9732
20.0000, 35.6912, 55.3964, 0.0047, -0.4351, 0.9004
20.0000, 30.0000, 49.3812, 0.0207, -0.1503, 0.9884
42.7999, 30.0000, 48.5448, 0.0148, -0.1135, 0.9934
60.0000, 30.0000, 48.4985, 0.0098, -0.1401, 0.9901
60.0000, 30.0000, 49.2664, 0.0095, -0.1408, 0.9900
60.0000, 35.5004, 55.8860, 0.0005, -0.4405, 0.8977
60.0000, 38.1199, 57.3529, 0.0005, -0.2462, 0.9692
60.0000, 40.1031, 57.7171, 0.0004, -0.1044, 0.9945
60.0000, 59.9216, 57.7471, -0.0044, 0.0806, 0.9967
60.0000, 61.8993, 57.3827, -0.0048, 0.2259, 0.9741
60.0000, 64.5131, 55.9206, -0.0049, 0.4247, 0.9053
60.0000, 70.0000, 50.1213, -0.0203, 0.1485, 0.9887
38.0185, 70.0000, 49.3149, -0.0146, 0.1131, 0.9935
20.0000, 70.0000, 49.2664, -0.0095, 0.1408, 0.9900
20.0000, 64.4996, 55.8860, -0.0005, 0.4405, 0.8977
20.0000, 61.8801, 57.3529, -0.0005, 0.2462, 0.9692
20.0000, 59.8969, 57.7171, -0.0004, 0.1044, 0.9945
20.0000, 40.0784, 57.7471, 0.0044, -0.0806, 0.9967
20.0000, 38.1007, 57.3827, 0.0048, -0.2259, 0.9741
20.0000, 35.4869, 55.9206, 0.0049, -0.4247, 0.9053
20.0000, 30.0000, 50.1213, 0.0203, -0.1485, 0.9887
41.9815, 30.0000, 49.3149, 0.0146, -0.1131, 0.9935
60.0000, 30.0000, 49.2664, 0.0095, -0.1408, 0.9900
60.0000, 30.0000, 50.0343, 0.0091, -0.1415, 0.9899
60.0000, 35.2967, 56.4088, 0.0005, -0.4311, 0.9023
60.0000, 37.8191, 57.8213, 0.0005, -0.2432, 0.9700
60.0000, 39.7289, 58.1720, 0.0004, -0.1062, 0.9943
60.0000, 61.2628, 58.0904, -0.0049, 0.1583, 0.9874
60.0000, 64.7174, 56.4447, -0.0052, 0.4142, 0.9101
60.0000, 70.0000, 50.8614, -0.0200, 0.1467, 0.9890
38.8369, 70.0000, 50.0850, -0.0145, 0.1126, 0.9935
20.0000, 70.0000, 50.0343, -0.0091, 0.1415, 0.9899
20.0000, 64.7033, 56.4088, -0.0005, 0.4311, 0.9023
20.0000, 62.1809, 57.8213, -0.0005, 0.2432, 0.9700
20.0000, 60.2711, 58.1720, -0.0004, 0.1062, 0.9943
20.0000, 38.7372, 58.0904, 0.0049, -0.1583, 0.9874
20.0000, 35.2826, 56.4448, 0.0052, -0.4142, 0.9101
20.0000, 30.0000, 50.8614, 0.0200, -0.1467, 0.9890
41.1631, 30.0000, 50.0850, 0.0145, -0.1126, 0.9935
60.0000, 30.0000, 50.0343, 0.0091, -0.1415, 0.9899
60.0000, 30.0000, 50.8023, 0.0088, -0.1422, 0.9898
60.0000, 35.0929, 56.9315, 0.0005, -0.4217, 0.9068
60.0000, 37.5184, 58.2897, 0.0005, -0.2402, 0.9707
60.0000, 39.3547, 58.6269, 0.0005, -0.1079, 0.9942
60.0000, 61.6007, 58.5510, -0.0051, 0.1563, 0.9877
60.0000, 64.9216, 56.9689, -0.0054, 0.4036, 0.9149
60.0000, 70.0000, 51.6015, -0.0196, 0.1449, 0.9892
39.6552, 70.0000, 50.8551, -0.0144, 0.1122, 0.9936
20.0000, 70.0000, 50.8023, -0.0088, 0.1422, 0.9898
20.0000, 64.9071, 56.9315, -0.0005, 0.4217, 0.9068
20.0000, 62.4816, 58.2897, -0.0005, 0.2402, 0.9707
20.0000, 60.6453, 58.6269, -0.0005, 0.1079, 0.9942
20.0000, 38.3993, 58.5510, 0.0051, -0.1563, 0.9877
20.0000, 35.0784, 56.9689, 0.0054, -0.4036, 0.9149
20.0000, 30.0000, 51.6015, 0.0196, -0.1449, 0.9892
40.3448, 30.0000, 50.8551, 0.0144, -0.1122, 0.9936
60.0000, 30.0000, 50.8023, 0.0088, -0.1422, 0.9898
60.0000, 30.0000, 51.5702, 0.0085, -0.1430, 0.9897
60.0000, 34.8892, 57.4543, 0.0005, -0.4121, 0.9111
60.0000, 37.2177, 58.7581, 0.0005, -0.2371, 0.9715
60.0000, 38.9805, 59.0819, 0.0005, -0.1097, 0.9940
60.0000, 61.9386, 59.0115, -0.0053, 0.1544, 0.9880
60.0000, 65.1259, 57.4931, -0.0056, 0.3928, 0.9196
60.0000, 70.0000, 52.3416, -0.0192, 0.1431, 0.9895
40.4736, 70.0000, 51.6253, -0.0142, 0.1118, 0.9936
20.0000, 70.0000, 51.5702, -0.0085, 0.1430, 0.9897
20.0000, 65.1108, 57.4543, -0.0005, 0.4121, 0.9111
20.0000, 62.7823, 58.7581, -0.0005, 0.2371, 0.9715
20.0000, 61.0195, 59.0819, -0.0005, 0.1097, 0.9940
20.0000, 38.0614, 59.0115, 0.0053, -0.1544, 0.9880
20.0000, 34.8741, 57.4931, 0.0056, -0.3928, 0.9196
20.0000, 30.0000, 52.3416, 0.0192, -0.1431, 0.9895
39.5264, 30.0000, 51.6253, 0.0142, -0.1118, 0.9936
60.0000, 30.0000, 51.5702, 0.0085, -0.1430, 0.9897
60.0000, 30.0000, 52.3381, 0.0081, -0.1437, 0.9896
60.0000, 34.6855, 57.9770, 0.0006, -0.4024, 0.9155
60.0000, 36.9169, 59.2265, 0.0005, -0.2341, 0.9722
60.0000, 38.6063, 59.5368, 0.0005, -0.1116, 0.9938
60.0000, 62.2764, 59.4721, -0.0055, 0.1524, 0.9883
60.0000, 65.3302, 58.0173, -0.0059, 0.3819, 0.9242
60.0000, 70.0000, 53.0817, -0.0189, 0.1413, 0.9898
41.2920, 70.0000, 52.3954, -0.0141, 0.1114, 0.9937
20.0000, 70.0000, 52.3381, -0.0081, 0.1437, 0.9896
20.0000, 65.3145, 57.9770, -0.0006, 0.4024, 0.9155
20.0000, 63.0831, 59.2265, -0.0005, 0.2341, 0.9722
20.0000, 61.3937, 59.5368, -0.0005, 0.1116, 0.9938
20.0000, 37.7236, 59.4721, 0.0055, -0.1524, 0.9883
20.0000, 34.6698, 58.0173, 0.0059, -0.3819, 0.9242
20.0000, 30.0000, 53.0817, 0.0189, -0.1413, 0.9898
38.7080, 30.0000, 52.3954, 0.0141, -0.1114, 0.9937
60.0000, 30.0000, 52.3381, 0.0081, -0.1437, 0.9896
60.0000, 30.0000, 53.1060, 0.0078, -0.1444, 0.9895
60.0000, 34.4818, 58.4997, 0.0006, -0.3909, 0.9204
60.0000, 36.6162, 59.6949, 0.0006, -0.2310, 0.9730
60.0000, 38.2321, 59.9917, 0.0005, -0.1264, 0.9920
60.0000, 62.6143, 59.9326, -0.0057, 0.1505, 0.9886
60.0000, 65.5345, 58.5415, -0.0061, 0.3694, 0.9292
60.0000, 70.0000, 53.8218, -0.0185, 0.1396, 0.9900
42.1104, 70.0000, 53.1655, -0.0140, 0.1110, 0.9937
20.0000, 70.0000, 53.1060, -0.0078, 0.1444, 0.9895
20.0000, 65.5182, 58.4997, -0.0006, 0.3909, 0.9204
20.0000, 63.3838, 59.6949, -0.0006, 0.2310, 0.9730
20.0000, 61.7679, 59.9917, -0.0005, 0.1264, 0.9920
20.0000, 37.3857, 59.9326, 0.0057, -0.1505, 0.9886
20.0000, 34.4655, 58.5415, 0.0061, -0.3694, 0.9292
20.0000, 30.0000, 53.8218, 0.0185, -0.1396, 0.9900
37.8896, 30.0000, 53.1655, 0.0140, -0.1110, 0.9937
60.0000, 30.0000, 53.1060, 0.0078, -0.1444, 0.9895
60.0000, 30.0000, 53.8739, 0.0075, -0.1451, 0.9894
60.0000, 34.2781, 59.0225, 0.0006, -0.3810, 0.9246
60.0000, 36.3155, 60.1633, 0.0006, -0.2279, 0.9737
60.0000, 37.8579, 60.4466, 0.0006, -0.1277, 0.9918
60.0000, 62.9522, 60.3931, -0.0060, 0.1485, 0.9889
60.0000, 65.7388, 59.0657, -0.0063, 0.3582, 0.9336
60.0000, 70.0000, 54.5619, -0.0054, 0.7581, 0.6521
42.9287, 70.0000, 53.9356, -0.0138, 0.1105, 0.9938
20.0000, 70.0000, 53.8739, -0.0075, 0.1451, 0.9894
20.0000, 65.7219, 59.0225, -0.0006, 0.3810, 0.9246
20.0000, 63.6845, 60.1633, -0.0006, 0.2279, 0.9737
20.0000, 62.1421, 60.4466, -0.0006, 0.1277, 0.9918
20.0000, 37.0478, 60.3931, 0.0060, -0.1485, 0.9889
20.0000, 34.2612, 59.0657, 0.0063, -0.3582, 0.9336
20.0000, 30.0000, 54.5619, 0.0054, -0.7581, 0.6521
37.0713, 30.0000, 53.9356, 0.0138, -0.1105, 0.9938
60.0000, 30.0000, 53.8739, 0.0075, -0.1451, 0.9894
60.0000, 30.0000, 54.6418, 0.0004, -0.8649, 0.5019
60.0000, 34.0744, 59.5452, 0.0006, -0.3711, 0.9286
60.0000, 37.4837, 60.9016, 0.0006, -0.1291, 0.9916
60.0000, 63.2900, 60.8537, -0.0062, 0.1465, 0.9892
60.0000, 65.9430, 59.5898, -0.0066, 0.3469, 0.9379
60.0000, 70.0000, 55.3019, -0.0057, 0.7396, 0.6730
43.7471, 70.0000, 54.7057, -0.0137, 0.1101, 0.9938
20.0000, 70.0000, 54.6418, -0.0004, 0.8649, 0.5019
20.0000, 65.9257, 59.5452, -0.0006, 0.3711, 0.9286
20.0000, 62.5163, 60.9016, -0.0006, 0.1291, 0.9916
20.0000, 36.7100, 60.8537, 0.0062, -0.1465, 0.9892
20.0000, 34.0570, 59.5898, 0.0066, -0.3469, 0.9379
20.0000, 30.0000, 55.3019, 0.0057, -0.7396, 0.6730
36.2529, 30.0000, 54.7057, 0.0137, -0.1101, 0.9938
60.0000, 30.0000, 54.6418, 0.0004, -0.8649, 0.5019
60.0000, 30.0000, 55.4097, 0.0005, -0.8499, 0.5270
60.0000, 33.8706, 60.0680, 0.0006, -0.3611, 0.9325
60.0000, 37.1096, 61.3565, 0.0006, -0.1304, 0.9915
60.0000, 63.6279, 61.3142, -0.0064, 0.1444, 0.9895
60.0000, 66.1473, 60.1140, -0.0068, 0.3355, 0.9420
60.0000, 70.0000, 56.0420, -0.0060, 0.7198, 0.6941
44.5655, 70.0000, 55.4758, -0.0136, 0.1097, 0.9939
20.0000, 70.0000, 55.4097, -0.0005, 0.8499, 0.5270
20.0000, 66.1294, 60.0680, -0.0006, 0.3611, 0.9325
20.0000, 62.8904, 61.3565, -0.0006, 0.1304, 0.9915
20.0000, 36.3721, 61.3142, 0.0064, -0.1444, 0.9895
20.0000, 33.8527, 60.1140, 0.0068, -0.3355, 0.9420
20.0000, 30.0000, 56.0420, 0.0060, -0.7198, 0.6941
35.4345, 30.0000, 55.4758, 0.0136, -0.1097, 0.9939
60.0000, 30.0000, 55.4097, 0.0005, -0.8499, 0.5270
60.0000, 30.0000, 56.1776, 0.0005, -0.8332, 0.5529
60.0000, 33.6669, 60.5907, 0.0007, -0.3510, 0.9364
60.0000, 36.7354, 61.8114, 0.0006, -0.1318, 0.9913
60.0000, 63.9658, 61.7748, -0.0067, 0.1424, 0.9898
60.0000, 66.3516, 60.6382, -0.0070, 0.3240, 0.9460
60.0000, 70.0000, 56.7821, -0.0063, 0.6987, 0.7154
45.3839, 70.0000, 56.2459, -0.0134, 0.1093, 0.9939
20.0000, 70.0000, 56.1776, -0.0005, 0.8332, 0.5529
20.0000, 66.3331, 60.5907, -0.0007, 0.3510, 0.9364
20.0000, 63.2646, 61.8114, -0.0006, 0.1318, 0.9913
20.0000, 36.0342, 61.7748, 0.0067, -0.1424, 0.9898
20.0000, 33.6484, 60.6382, 0.0070, -0.3240, 0.9460
20.0000, 30.0000, 56.7821, 0.0063, -0.6987, 0.7154
34.6161, 30.0000, 56.2459, 0.0134, -0.1093, 0.9939
60.0000, 30.0000, 56.1776, 0.0005, -0.8332, 0.5529
60.0000, 30.0000, 56.9455, 0.0005, -0.8148, 0.5797
60.0000, 33.4632, 61.1134, 0.0007, -0.3408, 0.9401
60.0000, 36.3612, 62.2663, 0.0006, -0.1332, 0.9911
60.0000, 64.3036, 62.2353, -0.0069, 0.1403, 0.9901
60.0000, 66.5559, 61.1624, -0.0073, 0.3123, 0.9499
60.0000, 70.0000, 57.5222, -0.0066, 0.6761, 0.7368
46.2023, 70.0000, 57.0160, -0.0133, 0.1089, 0.9940
20.0000, 70.0000, 56.9455, -0.0005, 0.8148, 0.5797
20.0000, 66.5368, 61.1134, -0.0007, 0.3408, 0.9401
20.0000, 63.6388, 62.2663, -0.0006, 0.1332, 0.9911
20.0000, 35.6964, 62.2353, 0.0069, -0.1403, 0.9901
20.0000, 33.4441, 61.1624, 0.0073, -0.3123, 0.9499
20.0000, 30.0000, 57.5222, 0.0066, -0.6761, 0.7368
33.7977, 30.0000, 57.0160, 0.0133, -0.1089, 0.9940
60.0000, 30.0000, 56.9455, 0.0005, -0.8148, 0.5797
60.0000, 30.0000, 57.7134, 0.0006, -0.7945, 0.6073
60.0000, 33.2595, 61.6362, 0.0007, -0.3306, 0.9438
60.0000, 35.9870, 62.7212, 0.0007, -0.1346, 0.9909
60.0000, 64.6415, 62.6959, -0.0071, 0.1382, 0.9904
60.0000, 66.7602, 61.6866, -0.0075, 0.3005, 0.9537
60.0000, 70.0000, 58.2623, -0.0069, 0.6521, 0.7581
20.0000, 70.0000, 57.7134, -0.0006, 0.7945, 0.6073
20.0000, 66.7405, 61.6362, -0.0007, 0.3306, 0.9438
20.0000, 64.0130, 62.7212, -0.0007, 0.1346, 0.9909
20.0000, 35.3585, 62.6959, 0.0071, -0.1382, 0.9904
20.0000, 33.2398, 61.6866, 0.0075, -0.3005, 0.9537
20.0000, 30.0000, 58.2623, 0.0069, -0.6521, 0.7581
60.0000, 30.0000, 57.7134, 0.0006, -0.7945, 0.6073
60.0000, 30.0000, 58.4814, 0.0006, -0.7721, 0.6355
60.0000, 33.0558, 62.1589, 0.0007, -0.3202, 0.9473
60.0000, 35.6128, 63.1762, 0.0007, -0.1360, 0.9907
60.0000, 64.9794, 63.1564, -0.0074, 0.1361, 0.9907
60.0000, 66.9644, 62.2107, -0.0077, 0.2887, 0.9574
60.0000, 70.0000, 59.0024, -0.0072, 0.6266, 0.7793
20.0000, 70.0000, 58.4814, -0.0006, 0.7721, 0.6355
20.0000, 66.9442, 62.1589, -0.0007, 0.3202, 0.9473
20.0000, 64.3872, 63.1762, -0.0007, 0.1360, 0.9907
20.0000, 35.0206, 63.1564, 0.0074, -0.1361, 0.9907
20.0000, 33.0356, 62.2107, 0.0077, -0.2887, 0.9574
20.0000, 30.0000, 59.0024, 0.0072, -0.6266, 0.7793
60.0000, 30.0000, 58.4814, 0.0006, -0.7721, 0.6355
60.0000, 30.0000, 59.2493, 0.0006, -0.7474, 0.6643
60.0000, 32.8520, 62.6817, 0.0008, -0.3098, 0.9508
60.0000, 35.2386, 63.6311, 0.0007, -0.1374, 0.9905
60.0000, 64.7995, 63.6774, -0.0075, 0.1018, 0.9948
60.0000, 67.1687, 62.7349, -0.0080, 0.2767, 0.9609
60.0000, 70.0000, 59.7425, -0.0075, 0.5995, 0.8003
20.0000, 70.0000, 59.2493, -0.0006, 0.7474, 0.6643
20.0000, 67.1480, 62.6817, -0.0008, 0.3098, 0.9508
20.0000, 64.7614, 63.6311, -0.0007, 0.1374, 0.9905
20.0000, 35.2005, 63.6774, 0.0075, -0.1018, 0.9948
20.0000, 32.8313, 62.7349, 0.0080, -0.2767, 0.9609
20.0000, 30.0000, 59.7425, 0.0075, -0.5995, 0.8003
60.0000, 30.0000, 59.2493, 0.0006, -0.7474, 0.6643
60.0000, 30.0000, 60.0172, 0.0007, -0.7205, 0.6935
60.0000, 32.6483, 63.2044, 0.0008, -0.2994, 0.9541
60.0000, 34.8644, 64.0860, 0.0007, -0.1388, 0.9903
60.0000, 65.1747, 64.1336, -0.0077, 0.1018, 0.9948
60.0000, 67.3730, 63.2591, -0.0082, 0.2646, 0.9643
60.0000, 70.0000, 60.4826, -0.0079, 0.5710, 0.8209
20.0000, 70.0000, 60.0172, -0.0007, 0.7205, 0.6935
20.0000, 67.3517, 63.2044, -0.0008, 0.2994, 0.9541
20.0000, 65.1356, 64.0860, -0.0007, 0.1388, 0.9903
20.0000, 34.8253, 64.1336, 0.0077, -0.1018, 0.9948
20.0000, 32.6270, 63.2591, 0.0082, -0.2646, 0.9643
20.0000, 30.0000, 60.4826, 0.0079, -0.5710, 0.8209
60.0000, 30.0000, 60.0172, 0.0007, -0.7205, 0.6935
60.0000, 30.0000, 60.7851, 0.0008, -0.5274, 0.8496
60.0000, 32.4446, 63.7271, 0.0008, -0.2888, 0.9574
60.0000, 34.4902, 64.5409, 0.0008, -0.1403, 0.9901
60.0000, 65.5500, 64.5898, -0.0080, 0.1019, 0.9948
60.0000, 67.5773, 63.7833, -0.0085, 0.2524, 0.9676
60.0000, 70.0000, 61.2227, -0.0082, 0.4914, 0.8709
20.0000, 70.0000, 60.7851, -0.0008, 0.5274, 0.8496
20.0000, 67.5554, 63.7271, -0.0008, 0.2888, 0.9574
20.0000, 65.5098, 64.5409, -0.0008, 0.1403, 0.9901
20.0000, 34.4501, 64.5898, 0.0080, -0.1019, 0.9948
20.0000, 32.4227, 63.7833, 0.0085, -0.2524, 0.9676
20.0000, 30.0000, 61.2227, 0.0082, -0.4914, 0.8709
60.0000, 30.0000, 60.7851, 0.0008, -0.5274, 0.8496
60.0000, 30.0000, 61.5530, 0.0008, -0.5001, 0.8660
60.0000, 32.2409, 64.2499, 0.0008, -0.2782, 0.9605
60.0000, 34.1161, 64.9959, 0.0008, -0.1417, 0.9899
60.0000, 65.9252, 65.0460, -0.0082, 0.1019, 0.9948
60.0000, 67.7816, 64.3075, -0.0087, 0.2401, 0.9707
60.0000, 70.0000, 61.9628, -0.0085, 0.4620, 0.8868
20.0000, 70.0000, 61.5530, -0.0008, 0.5001, 0.8660
20.0000, 67.7591, 64.2499, -0.0008, 0.2782, 0.9605
20.0000, 65.8839, 64.9959, -0.0008, 0.1417, 0.9899
20.0000, 34.0748, 65.0460, 0.0082, -0.1019, 0.9948
20.0000, 32.2184, 64.3075, 0.0087, -0.2401, 0.9707
20.0000, 30.0000, 61.9628, 0.0085, -0.4620, 0.8868
60.0000, 30.0000, 61.5530, 0.0008, -0.5001, 0.8660
60.0000, 30.0000, 62.3209, 0.0008, -0.4719, 0.8817
60.0000, 32.0372, 64.7726, 0.0008, -0.2675, 0.9635
60.0000, 33.7419, 65.4508, 0.0008, -0.1432, 0.9897
60.0000, 66.3004, 65.5022, -0.0085, 0.1020, 0.9948
60.0000, 67.9858, 64.8317, -0.0089, 0.2278, 0.9737
60.0000, 70.0000, 62.7028, -0.0088, 0.4317, 0.9020
20.0000, 70.0000, 62.3209, -0.0008, 0.4719, 0.8817
20.0000, 67.9628, 64.7726, -0.0008, 0.2675, 0.9635
20.0000, 66.2581, 65.4508, -0.0008, 0.1432, 0.9897
20.0000, 33.6996, 65.5022, 0.0085, -0.1020, 0.9948
20.0000, 32.0142, 64.8317, 0.0089, -0.2278, 0.9737
20.0000, 30.0000, 62.7028, 0.0088, -0.4317, 0.9020
60.0000, 30.0000, 62.3209, 0.0008, -0.4719, 0.8817
60.0000, 30.0000, 63.0888, 0.0008, -0.4428, 0.8966
60.0000, 31.8335, 65.2953, 0.0009, -0.2568, 0.9665
60.0000, 33.3677, 65.9057, 0.0008, -0.1446, 0.9895
60.0000, 66.6756, 65.9583, -0.0087, 0.1020, 0.9947
60.0000, 68.1901, 65.3558, -0.0092, 0.2153, 0.9765
60.0000, 70.0000, 63.4429, -0.0091, 0.4004, 0.9163
20.0000, 70.0000, 63.0888, -0.0008, 0.4428, 0.8966
20.0000, 68.1665, 65.2953, -0.0009, 0.2568, 0.9665
20.0000, 66.6323, 65.9057, -0.0008, 0.1446, 0.9895
20.0000, 33.3244, 65.9583, 0.0087, -0.1020, 0.9947
20.0000, 31.8099, 65.3558, 0.0092, -0.2153, 0.9765
20.0000, 30.0000, 63.4429, 0.0091, -0.4004, 0.9163
60.0000, 30.0000, 63.0888, 0.0008, -0.4428, 0.8966
60.0000, 30.0000, 63.8567, 0.0009, -0.4131, 0.9107
60.0000, 31.6297, 65.8181, 0.0009, -0.2461, 0.9693
60.0000, 32.9935, 66.3606, 0.0009, -0.1461, 0.9893
60.0000, 67.0508, 66.4145, -0.0090, 0.1106, 0.9938
60.0000, 68.3944, 65.8800, -0.0094, 0.2028, 0.9792
60.0000, 70.0000, 64.1830, -0.0094, 0.3684, 0.9296
20.0000, 70.0000, 63.8567, -0.0009, 0.4131, 0.9107
20.0000, 68.3703, 65.8181, -0.0009, 0.2461, 0.9693
20.0000, 67.0065, 66.3606, -0.0009, 0.1461, 0.9893
20.0000, 32.9492, 66.4145, 0.0090, -0.1106, 0.9938
20.0000, 31.6056, 65.8800, 0.0094, -0.2028, 0.9792
20.0000, 30.0000, 64.1830, 0.0094, -0.3684, 0.9296
60.0000, 30.0000, 63.8567, 0.0009, -0.4131, 0.9107
60.0000, 30.0000, 64.6246, 0.0009, -0.3826, 0.9239
60.0000, 31.4260, 66.3408, 0.0009, -0.2352, 0.9719
60.0000, 32.6193, 66.8155, 0.0009, -0.1565, 0.9877
60.0000, 67.4261, 66.8707, -0.0093, 0.1096, 0.9939
60.0000, 68.5987, 66.4042, -0.0096, 0.1902, 0.9817
60.0000, 70.0000, 64.9231, -0.0097, 0.3357, 0.9419
20.0000, 70.0000, 64.6246, -0.0009, 0.3826, 0.9239
20.0000, 68.5740, 66.3408, -0.0009, 0.2352, 0.9719
20.0000, 67.3807, 66.8155, -0.0009, 0.1565, 0.9877
20.0000, 32.5739, 66.8707, 0.0093, -0.1096, 0.9939
20.0000, 31.4013, 66.4042, 0.0096, -0.1902, 0.9817
20.0000, 30.0000, 64.9231, 0.0097, -0.3357, 0.9419
60.0000, 30.0000, 64.6246, 0.0009, -0.3826, 0.9239
60.0000, 30.0000, 65.3925, 0.0009, -0.3467, 0.9380
60.0000, 31.2223, 66.8636, 0.0009, -0.2244, 0.9745
60.0000, 32.2451, 67.2705, 0.0009, -0.1568, 0.9876
60.0000, 67.8013, 67.3269, -0.0096, 0.1086, 0.9940
60.0000, 70.0000, 65.6632, -0.0099, 0.2983, 0.9544
20.0000, 70.0000, 65.3925, -0.0009, 0.3467, 0.9380
20.0000, 68.7777, 66.8636, -0.0009, 0.2244, 0.9745
20.0000, 67.7549, 67.2705, -0.0009, 0.1568, 0.9876
20.0000, 32.1987, 67.3269, 0.0096, -0.1086, 0.9940
20.0000, 30.0000, 65.6632, 0.0099, -0.2983, 0.9544
60.0000, 30.0000, 65.3925, 0.0009, -0.3467, 0.9380
60.0000, 30.0000, 66.1605, 0.0009, -0.3157, 0.9489
60.0000, 31.8709, 67.7254, 0.0009, -0.1571, 0.9876
60.0000, 68.1765, 67.7831, -0.0098, 0.1075, 0.9942
60.0000, 70.0000, 66.4033, -0.0101, 0.2651, 0.9642
20.0000, 70.0000, 66.1605, -0.0009, 0.3157, 0.9489
20.0000, 68.1291, 67.7254, -0.0009, 0.1571, 0.9876
20.0000, 31.8235, 67.7831, 0.0098, -0.1075, 0.9942
20.0000, 30.0000, 66.4033, 0.0101, -0.2651, 0.9642
60.0000, 30.0000, 66.1605, 0.0009, -0.3157, 0.9489
60.0000, 30.0000, 66.9284, 0.0010, -0.2844, 0.9587
60.0000, 31.4968, 68.1803, 0.0010, -0.1573, 0.9875
60.0000, 68.5517, 68.2392, -0.0101, 0.1065, 0.9943
60.0000, 70.0000, 67.1434, -0.0104, 0.2316, 0.9728
20.0000, 70.0000, 66.9284, -0.0010, 0.2844, 0.9587
20.0000, 68.5033, 68.1803, -0.0010, 0.1573, 0.9875
20.0000, 31.4483, 68.2392, 0.0101, -0.1065, 0.9943
20.0000, 30.0000, 67.1434, 0.0104, -0.2316, 0.9728
60.0000, 30.0000, 66.9284, 0.0010, -0.2844, 0.9587
60.0000, 30.0000, 67.6963, 0.0010, -0.2530, 0.9675
60.0000, 31.1226, 68.6352, 0.0010, -0.1576, 0.9875
60.0000, 68.9269, 68.6954, -0.0104, 0.1055, 0.9944
60.0000, 70.0000, 67.8835, -0.0106, 0.1980, 0.9801
20.0000, 70.0000, 67.6963, -0.0010, 0.2530, 0.9675
20.0000, 68.8774, 68.6352, -0.0010, 0.1576, 0.9875
20.0000, 31.0731, 68.6954, 0.0104, -0.1055, 0.9944
20.0000, 30.0000, 67.8835, 0.0106, -0.1980, 0.9801
60.0000, 30.0000, 67.6963, 0.0010, -0.2530, 0.9675
60.0000, 30.0000, 68.4642, 0.0016, -0.1573, 0.9875
60.0000, 30.7484, 69.0902, 0.0010, -0.1579, 0.9875
60.0000, 69.3022, 69.1516, -0.0107, 0.1044, 0.9945
60.0000, 70.0000, 68.6236, -0.0108, 0.1644, 0.9863
20.0000, 70.0000, 68.4642, -0.0016, 0.1573, 0.9875
20.0000, 69.2516, 69.0902, -0.0010, 0.1579, 0.9875
20.0000, 30.6978, 69.1516, 0.0107, -0.1044, 0.9945
20.0000, 30.0000, 68.6236, 0.0108, -0.1644, 0.9863
60.0000, 30.0000, 68.4642, 0.0016, -0.1573, 0.9875
60.0000, 30.0000, 69.2321, 0.0013, -0.1579, 0.9875
60.0000, 30.3742, 69.5451, 0.0012, -0.1582, 0.9874
60.0000, 70.0000, 69.3636, -0.0110, 0.1310, 0.9913
20.0000, 70.0000, 69.2321, -0.0013, 0.1579, 0.9875
20.0000, 69.6258, 69.5451, -0.0012, 0.1582, 0.9874
20.0000, 30.0000, 69.3636, 0.0110, -0.1310, 0.9913
60.0000, 30.0000, 69.2321, 0.0013, -0.1579, 0.9875
