X Y Z i j k
20.0, -3.1474, 47.0283, 0.0, -0.1803, 0.9836
20.0, -8.3058, 44.9529, 0.0, -0.4332, 0.9013
20.0, -11.1765, 42.6146, 0.0, -0.7621, 0.6474
20.0, -15.5392, 37.1708, 0.0076, -0.5489, 0.8359
19.9859, -20.0, 32.3725, 0.0076, -0.5488, 0.8358
20.0, -10.0178, 44.3858, -0.0015, -0.7956, 0.6058
20.0, -5.2639, 47.0478, 0.0, -0.3908, 0.9205
20.0, -1.6648, 47.7088, 0.0, -0.011, 0.9999
20.0, 3.4919, 47.4979, -0.0002, 0.1341, 0.991
20.0, 8.5409, 45.4565, -0.0003, 0.5014, 0.8652
20.0, 11.3539, 43.1653, -0.0003, 0.7123, 0.7019
20.0, 20.0, 30.3725, -0.0076, 0.5488, 0.8358
15.0, 20.0, 30.3725, -0.0076, 0.5488, 0.8358
10.0, 20.0, 30.3725, -0.0076, 0.5488, 0.8358
5.0, 20.0, 30.3725, -0.0076, 0.5488, 0.8358
0.0, 20.0, 30.3724, -0.0076, 0.5488, 0.8358
-5.0, 20.0, 30.3724, -0.0076, 0.5488, 0.8358
-10.0, 20.0, 30.3724, -0.0076, 0.5488, 0.8358
-15.0, 20.0, 30.3724, -0.0076, 0.5488, 0.8358
-20.0, 20.0, 30.3724, -0.0076, 0.5488, 0.8358
-20.0, 20.0, 30.3724, -0.0076, 0.5488, 0.8358
20.0, 20.0, 31.3725, -0.0076, 0.5488, 0.8358
20.0, 11.3539, 43.6653, -0.0003, 0.7123, 0.7019
20.0, 20.0, 31.3725, -0.0076, 0.5488, 0.8358
15.0, 20.0, 31.3725, -0.0076, 0.5488, 0.8358
10.0, 20.0, 31.3725, -0.0076, 0.5488, 0.8358
5.0, 20.0, 31.3725, -0.0076, 0.5488, 0.8358
0.0, 20.0, 31.3724, -0.0076, 0.5488, 0.8358
-5.0, 20.0, 31.3724, -0.0076, 0.5488, 0.8358
-10.0, 20.0, 31.3724, -0.0076, 0.5488, 0.8358
-15.0, 20.0, 31.3724, -0.0076, 0.5488, 0.8358
-20.0, 20.0, 31.3724, -0.0076, 0.5488, 0.8358
20.0, 20.0, 32.1725, -0.0076, 0.5488, 0.8358
20.0, 20.0, 32.1725, -0.0076, 0.5488, 0.8358
15.0, 20.0, 32.1725, -0.0076, 0.5488, 0.8358
10.0, 20.0, 32.1725, -0.0076, 0.5488, 0.8358
5.0, 20.0, 32.1725, -0.0076, 0.5488, 0.8358
0.0, 20.0, 32.1725, -0.0076, 0.5488, 0.8358
-5.0, 20.0, 32.1725, -0.0076, 0.5488, 0.8358
-10.0, 20.0, 32.1725, -0.0076, 0.5488, 0.8358
-15.0, 20.0, 32.1725, -0.0076, 0.5488, 0.8358
-20.0, 20.0, 32.1725, -0.0076, 0.5488, 0.8358
20.0, 20.0, 32.9725, -0.0076, 0.5488, 0.8358
20.0, 20.0, 32.9725, -0.0076, 0.5488, 0.8358
15.0, 20.0, 32.9725, -0.0076, 0.5488, 0.8358
10.0, 20.0, 32.9725, -0.0076, 0.5488, 0.8358
5.0, 20.0, 32.9725, -0.0076, 0.5488, 0.8358
0.0, 20.0, 32.9725, -0.0076, 0.5488, 0.8358
-5.0, 20.0, 32.9725, -0.0076, 0.5488, 0.8358
-10.0, 20.0, 32.9725, -0.0076, 0.5488, 0.8358
-15.0, 20.0, 32.9725, -0.0076, 0.5488, 0.8358
-20.0, 20.0, 32.9725, -0.0076, 0.5488, 0.8358
-20.0, 10.0178, 44.3858, 0.0015, 0.7956, 0.6058
-20.0, 5.2639, 47.0478, -0.0, 0.3908, 0.9205
-20.0, 1.6648, 47.7088, -0.0, 0.011, 0.9999
-20.0, -3.4919, 47.4979, 0.0002, -0.1341, 0.991
-20.0, -8.5409, 45.4565, 0.0003, -0.5014, 0.8652
-20.0, -11.3539, 43.1653, 0.0003, -0.7123, 0.7019
-20.0, -20.0, 33.8393, 0.0076, -0.5488, 0.8358
-15.0, -20.0, 33.8393, 0.0076, -0.5488, 0.8358
-10.0, -20.0, 33.8393, 0.0076, -0.5488, 0.8358
-5.0, -20.0, 33.8393, 0.0076, -0.5488, 0.8358
0.0, -20.0, 32.3725, 0.0076, -0.5488, 0.8358
5.0, -20.0, 32.3725, 0.0076, -0.5488, 0.8358
10.0, -20.0, 32.3725, 0.0076, -0.5488, 0.8358
15.0, -20.0, 32.3725, 0.0076, -0.5488, 0.8358
20.0, -20.0, 32.3725, 0.0076, -0.5488, 0.8358
19.9859, -20.0, 32.3725, 0.0076, -0.5488, 0.8358
20.0, -20.0, 33.1403, 0.0076, -0.5488, 0.8358
20.0, -10.2216, 44.9085, -0.0015, -0.7892, 0.6142
20.0, -5.5647, 47.5162, 0.0, -0.3866, 0.9222
20.0, -2.039, 48.1637, 0.0, -0.0133, 0.9999
20.0, 3.8298, 47.9585, -0.0004, 0.1336, 0.991
20.0, 8.7754, 45.9588, -0.0005, 0.4951, 0.8688
20.0, 11.5309, 43.7146, -0.0005, 0.7049, 0.7093
20.0, 20.0, 34.5794, -0.0076, 0.5488, 0.8358
15.0, 20.0, 34.5794, -0.0076, 0.5488, 0.8358
10.0, 20.0, 34.5794, -0.0076, 0.5488, 0.8358
5.0, 20.0, 34.5794, -0.0076, 0.5488, 0.8358
0.0, 20.0, 33.1403, -0.0076, 0.5488, 0.8358
-5.0, 20.0, 33.1403, -0.0076, 0.5488, 0.8358
-10.0, 20.0, 33.1403, -0.0076, 0.5488, 0.8358
-15.0, 20.0, 33.1403, -0.0076, 0.5488, 0.8358
-20.0, 20.0, 33.1403, -0.0076, 0.5488, 0.8358
-20.0, 20.0, 33.1403, -0.0076, 0.5488, 0.8358
-20.0, 10.2216, 44.9085, 0.0015, 0.7892, 0.6142
-20.0, 5.5647, 47.5162, -0.0, 0.3866, 0.9222
-20.0, 2.039, 48.1637, -0.0, 0.0133, 0.9999
-20.0, -3.8298, 47.9585, 0.0004, -0.1336, 0.991
-20.0, -8.7754, 45.9588, 0.0005, -0.4951, 0.8688
-20.0, -11.5309, 43.7146, 0.0005, -0.7049, 0.7093
-20.0, -20.0, 34.5794, 0.0076, -0.5488, 0.8358
-15.0, -20.0, 34.5794, 0.0076, -0.5488, 0.8358
-10.0, -20.0, 34.5794, 0.0076, -0.5488, 0.8358
-5.0, -20.0, 34.5794, 0.0076, -0.5488, 0.8358
0.0, -20.0, 33.1403, 0.0076, -0.5488, 0.8358
5.0, -20.0, 33.1403, 0.0076, -0.5488, 0.8358
10.0, -20.0, 33.1403, 0.0076, -0.5488, 0.8358
15.0, -20.0, 33.1403, 0.0076, -0.5488, 0.8358
20.0, -20.0, 33.1403, 0.0076, -0.5488, 0.8358
20.0, -20.0, 33.1403, 0.0076, -0.5488, 0.8358
20.0, -20.0, 33.9082, 0.0076, -0.5488, 0.8358
20.0, -10.4253, 45.4313, 0.0001, -0.6047, 0.7965
20.0, -5.8654, 47.9846, 0.0001, -0.3824, 0.924
20.0, -2.4132, 48.6186, 0.0001, -0.0156, 0.9999
20.0, 4.1677, 48.419, -0.0006, 0.1331, 0.9911
20.0, 9.01, 46.4612, -0.0007, 0.4887, 0.8725
20.0, 11.7078, 44.2638, -0.0007, 0.6974, 0.7167
20.0, 20.0, 35.3195, -0.0076, 0.5488, 0.8358
15.0, 20.0, 35.3195, -0.0076, 0.5488, 0.8358
10.0, 20.0, 35.3195, -0.0076, 0.5488, 0.8358
5.0, 20.0, 35.3195, -0.0076, 0.5488, 0.8358
0.0, 20.0, 33.9082, -0.0076, 0.5488, 0.8358
-5.0, 20.0, 33.9082, -0.0076, 0.5488, 0.8358
-10.0, 20.0, 33.9082, -0.0076, 0.5488, 0.8358
-15.0, 20.0, 33.9082, -0.0076, 0.5488, 0.8358
-20.0, 20.0, 33.9082, -0.0076, 0.5488, 0.8358
-20.0, 20.0, 33.9082, -0.0076, 0.5488, 0.8358
-20.0, 10.4253, 45.4313, -0.0001, 0.6047, 0.7965
-20.0, 5.8654, 47.9846, -0.0001, 0.3824, 0.924
-20.0, 2.4132, 48.6186, -0.0001, 0.0156, 0.9999
-20.0, -4.1677, 48.419, 0.0006, -0.1331, 0.9911
-20.0, -9.01, 46.4612, 0.0007, -0.4887, 0.8725
-20.0, -11.7078, 44.2638, 0.0007, -0.6974, 0.7167
-20.0, -20.0, 35.3195, 0.0076, -0.5488, 0.8358
-15.0, -20.0, 35.3195, 0.0076, -0.5488, 0.8358
-10.0, -20.0, 35.3195, 0.0076, -0.5488, 0.8358
-5.0, -20.0, 35.3195, 0.0076, -0.5488, 0.8358
0.0, -20.0, 33.9082, 0.0076, -0.5488, 0.8358
5.0, -20.0, 33.9082, 0.0076, -0.5488, 0.8358
10.0, -20.0, 33.9082, 0.0076, -0.5488, 0.8358
15.0, -20.0, 33.9082, 0.0076, -0.5488, 0.8358
20.0, -20.0, 33.9082, 0.0076, -0.5488, 0.8358
20.0, -20.0, 33.9082, 0.0076, -0.5488, 0.8358
20.0, -20.0, 34.6762, 0.0076, -0.5488, 0.8358
20.0, -10.629, 45.954, 0.0001, -0.5975, 0.8018
20.0, -6.1661, 48.453, 0.0001, -0.3783, 0.9257
20.0, -2.7874, 49.0736, 0.0001, -0.0179, 0.9998
20.0, 4.5055, 48.8796, -0.0008, 0.1326, 0.9912
20.0, 9.2445, 46.9635, -0.0009, 0.4822, 0.8761
20.0, 11.8848, 44.813, -0.0009, 0.6897, 0.7241
20.0, 20.0, 36.0596, -0.0076, 0.5488, 0.8358
15.0, 20.0, 36.0596, -0.0076, 0.5488, 0.8358
10.0, 20.0, 36.0596, -0.0076, 0.5488, 0.8358
5.0, 20.0, 36.0596, -0.0076, 0.5488, 0.8358
0.0, 20.0, 34.6762, -0.0076, 0.5488, 0.8358
-5.0, 20.0, 34.6762, -0.0076, 0.5488, 0.8358
-10.0, 20.0, 34.6762, -0.0076, 0.5488, 0.8358
-15.0, 20.0, 34.6762, -0.0076, 0.5488, 0.8358
-20.0, 20.0, 34.6762, -0.0076, 0.5488, 0.8358
-20.0, 20.0, 34.6762, -0.0076, 0.5488, 0.8358
-20.0, 10.629, 45.954, -0.0001, 0.5975, 0.8018
-20.0, 6.1661, 48.453, -0.0001, 0.3783, 0.9257
-20.0, 2.7874, 49.0736, -0.0001, 0.0179, 0.9998
-20.0, -4.5055, 48.8795, 0.0008, -0.1326, 0.9912
-20.0, -9.2445, 46.9635, 0.0009, -0.4822, 0.8761
-20.0, -11.8848, 44.813, 0.0009, -0.6897, 0.7241
-20.0, -20.0, 36.0596, 0.0076, -0.5488, 0.8358
-15.0, -20.0, 36.0596, 0.0076, -0.5488, 0.8358
-10.0, -20.0, 36.0596, 0.0076, -0.5488, 0.8358
-5.0, -20.0, 36.0596, 0.0076, -0.5488, 0.8358
0.0, -20.0, 34.6762, 0.0076, -0.5488, 0.8358
5.0, -20.0, 34.6762, 0.0076, -0.5488, 0.8358
10.0, -20.0, 34.6762, 0.0076, -0.5488, 0.8358
15.0, -20.0, 34.6762, 0.0076, -0.5488, 0.8358
20.0, -20.0, 34.6762, 0.0076, -0.5488, 0.8358
20.0, -20.0, 34.6762, 0.0076, -0.5488, 0.8358
20.0, -20.0, 35.4441, 0.0076, -0.5488, 0.8358
20.0, -10.8327, 46.4767, 0.0001, -0.5903, 0.8072
20.0, -6.4669, 48.9214, 0.0001, -0.374, 0.9274
20.0, -3.1616, 49.5285, 0.0001, -0.0203, 0.9998
20.0, 3.1677, 49.5359, -0.001, 0.0622, 0.9981
20.0, 8.0153, 48.2854, -0.0011, 0.4054, 0.9141
20.0, 12.0617, 45.3622, -0.0011, 0.6817, 0.7316
20.0, 20.0, 36.7997, -0.0076, 0.5488, 0.8358
15.0, 20.0, 36.7997, -0.0076, 0.5488, 0.8358
10.0, 20.0, 36.7997, -0.0076, 0.5488, 0.8358
5.0, 20.0, 36.7997, -0.0076, 0.5488, 0.8358
0.0, 20.0, 35.4441, -0.0076, 0.5488, 0.8358
-5.0, 20.0, 35.4441, -0.0076, 0.5488, 0.8358
-10.0, 20.0, 35.4441, -0.0076, 0.5488, 0.8358
-15.0, 20.0, 35.4441, -0.0076, 0.5488, 0.8358
-20.0, 20.0, 35.4441, -0.0076, 0.5488, 0.8358
-20.0, 20.0, 35.4441, -0.0076, 0.5488, 0.8358
-20.0, 10.8327, 46.4767, -0.0001, 0.5903, 0.8072
-20.0, 6.4669, 48.9214, -0.0001, 0.374, 0.9274
-20.0, 3.1616, 49.5285, -0.0001, 0.0203, 0.9998
-20.0, -3.1677, 49.5359, 0.001, -0.0622, 0.9981
-20.0, -8.0153, 48.2854, 0.0011, -0.4054, 0.9141
-20.0, -12.0617, 45.3622, 0.0011, -0.6817, 0.7316
-20.0, -20.0, 36.7997, 0.0076, -0.5488, 0.8358
-15.0, -20.0, 36.7997, 0.0076, -0.5488, 0.8358
-10.0, -20.0, 36.7997, 0.0076, -0.5488, 0.8358
-5.0, -20.0, 36.7997, 0.0076, -0.5488, 0.8358
0.0, -20.0, 35.4441, 0.0076, -0.5488, 0.8358
5.0, -20.0, 35.4441, 0.0076, -0.5488, 0.8358
10.0, -20.0, 35.4441, 0.0076, -0.5488, 0.8358
15.0, -20.0, 35.4441, 0.0076, -0.5488, 0.8358
20.0, -20.0, 35.4441, 0.0076, -0.5488, 0.8358
20.0, -20.0, 35.4441, 0.0076, -0.5488, 0.8358
20.0, -20.0, 36.212, 0.0076, -0.5488, 0.8358
20.0, -11.0364, 46.9995, 0.0001, -0.583, 0.8125
20.0, -6.7676, 49.3899, 0.0001, -0.3698, 0.9291
20.0, -3.5358, 49.9834, 0.0001, -0.0226, 0.9997
20.0, 3.5429, 49.9921, -0.0012, 0.0629, 0.998
20.0, 8.2825, 48.7694, -0.0013, 0.3999, 0.9166
20.0, 12.2387, 45.9114, -0.0013, 0.6736, 0.7391
20.0, 20.0, 37.5398, -0.0076, 0.5488, 0.8358
15.0, 20.0, 37.5398, -0.0076, 0.5488, 0.8358
10.0, 20.0, 37.5398, -0.0076, 0.5488, 0.8358
5.0, 20.0, 37.5398, -0.0076, 0.5488, 0.8358
0.0, 20.0, 36.212, -0.0076, 0.5488, 0.8358
-5.0, 20.0, 36.212, -0.0076, 0.5488, 0.8358
-10.0, 20.0, 36.212, -0.0076, 0.5488, 0.8358
-15.0, 20.0, 36.212, -0.0076, 0.5488, 0.8358
-20.0, 20.0, 36.212, -0.0076, 0.5488, 0.8358
-20.0, 20.0, 36.212, -0.0076, 0.5488, 0.8358
-20.0, 11.0364, 46.9995, -0.0001, 0.583, 0.8125
-20.0, 6.7676, 49.3899, -0.0001, 0.3698, 0.9291
-20.0, 3.5358, 49.9834, -0.0001, 0.0226, 0.9997
-20.0, -3.5429, 49.9921, 0.0012, -0.0629, 0.998
-20.0, -8.2825, 48.7694, 0.0013, -0.3999, 0.9166
-20.0, -12.2387, 45.9114, 0.0013, -0.6736, 0.7391
-20.0, -20.0, 37.5398, 0.0076, -0.5488, 0.8358
-15.0, -20.0, 37.5398, 0.0076, -0.5488, 0.8358
-10.0, -20.0, 37.5398, 0.0076, -0.5488, 0.8358
-5.0, -20.0, 37.5398, 0.0076, -0.5488, 0.8358
0.0, -20.0, 36.212, 0.0076, -0.5488, 0.8358
5.0, -20.0, 36.212, 0.0076, -0.5488, 0.8358
10.0, -20.0, 36.212, 0.0076, -0.5488, 0.8358
15.0, -20.0, 36.212, 0.0076, -0.5488, 0.8358
20.0, -20.0, 36.212, 0.0076, -0.5488, 0.8358
20.0, -20.0, 36.212, 0.0076, -0.5488, 0.8358
20.0, -20.0, 36.9799, 0.0076, -0.5488, 0.8358
20.0, -11.2401, 47.5222, 0.0001, -0.5755, 0.8178
20.0, -7.0683, 49.8583, 0.0001, -0.3655, 0.9308
20.0, -3.9099, 50.4383, 0.0001, -0.025, 0.9997
20.0, 3.9181, 50.4483, -0.0013, 0.0636, 0.998
20.0, 8.5496, 49.2535, -0.0015, 0.3943, 0.919
20.0, 12.4157, 46.4606, -0.0015, 0.6652, 0.7466
20.0, 20.0, 38.2799, -0.0076, 0.5488, 0.8358
15.0, 20.0, 38.2799, -0.0076, 0.5488, 0.8358
10.0, 20.0, 38.2799, -0.0076, 0.5488, 0.8358
5.0, 20.0, 38.2799, -0.0076, 0.5488, 0.8358
0.0, 20.0, 36.9799, -0.0076, 0.5488, 0.8358
-5.0, 20.0, 36.9799, -0.0076, 0.5488, 0.8358
-10.0, 20.0, 36.9799, -0.0076, 0.5488, 0.8358
-15.0, 20.0, 36.9799, -0.0076, 0.5488, 0.8358
-20.0, 20.0, 36.9799, -0.0076, 0.5488, 0.8358
-20.0, 20.0, 36.9799, -0.0076, 0.5488, 0.8358
-20.0, 11.2401, 47.5222, -0.0001, 0.5755, 0.8178
-20.0, 7.0683, 49.8583, -0.0001, 0.3655, 0.9308
-20.0, 3.9099, 50.4383, -0.0001, 0.025, 0.9997
-20.0, -3.9181, 50.4483, 0.0013, -0.0636, 0.998
-20.0, -8.5496, 49.2535, 0.0015, -0.3943, 0.919
-20.0, -12.4157, 46.4606, 0.0015, -0.6652, 0.7466
-20.0, -20.0, 38.2799, 0.0076, -0.5488, 0.8358
-15.0, -20.0, 38.2799, 0.0076, -0.5488, 0.8358
-10.0, -20.0, 38.2799, 0.0076, -0.5488, 0.8358
-5.0, -20.0, 38.2799, 0.0076, -0.5488, 0.8358
0.0, -20.0, 36.9799, 0.0076, -0.5488, 0.8358
5.0, -20.0, 36.9799, 0.0076, -0.5488, 0.8358
10.0, -20.0, 36.9799, 0.0076, -0.5488, 0.8358
15.0, -20.0, 36.9799, 0.0076, -0.5488, 0.8358
20.0, -20.0, 36.9799, 0.0076, -0.5488, 0.8358
20.0, -20.0, 36.9799, 0.0076, -0.5488, 0.8358
20.0, -20.0, 37.7478, 0.0076, -0.5488, 0.8358
20.0, -11.4439, 48.045, 0.0002, -0.5679, 0.8231
20.0, -7.3691, 50.3267, 0.0002, -0.3612, 0.9325
20.0, -4.2841, 50.8933, 0.0001, -0.0275, 0.9996
20.0, 4.2933, 50.9045, -0.0015, 0.0643, 0.9979
20.0, 8.8168, 49.7375, -0.0017, 0.3887, 0.9214
20.0, 12.5926, 47.0099, -0.0017, 0.6567, 0.7542
20.0, 20.0, 39.02, -0.0076, 0.5488, 0.8358
15.0, 20.0, 39.02, -0.0076, 0.5488, 0.8358
10.0, 20.0, 39.02, -0.0076, 0.5488, 0.8358
5.0, 20.0, 39.02, -0.0076, 0.5488, 0.8358
0.0, 20.0, 37.7478, -0.0076, 0.5488, 0.8358
-5.0, 20.0, 37.7478, -0.0076, 0.5488, 0.8358
-10.0, 20.0, 37.7478, -0.0076, 0.5488, 0.8358
-15.0, 20.0, 37.7478, -0.0076, 0.5488, 0.8358
-20.0, 20.0, 37.7478, -0.0076, 0.5488, 0.8358
-20.0, 20.0, 37.7478, -0.0076, 0.5488, 0.8358
-20.0, 11.4439, 48.045, -0.0002, 0.5679, 0.8231
-20.0, 7.3691, 50.3267, -0.0002, 0.3612, 0.9325
-20.0, 4.2841, 50.8933, -0.0001, 0.0275, 0.9996
-20.0, -4.2933, 50.9045, 0.0015, -0.0643, 0.9979
-20.0, -8.8168, 49.7375, 0.0017, -0.3887, 0.9214
-20.0, -12.5926, 47.0099, 0.0017, -0.6567, 0.7542
-20.0, -20.0, 39.02, 0.0076, -0.5488, 0.8358
-15.0, -20.0, 39.02, 0.0076, -0.5488, 0.8358
-10.0, -20.0, 39.02, 0.0076, -0.5488, 0.8358
-5.0, -20.0, 39.02, 0.0076, -0.5488, 0.8358
0.0, -20.0, 37.7478, 0.0076, -0.5488, 0.8358
5.0, -20.0, 37.7478, 0.0076, -0.5488, 0.8358
10.0, -20.0, 37.7478, 0.0076, -0.5488, 0.8358
15.0, -20.0, 37.7478, 0.0076, -0.5488, 0.8358
20.0, -20.0, 37.7478, 0.0076, -0.5488, 0.8358
20.0, -20.0, 37.7478, 0.0076, -0.5488, 0.8358
20.0, -20.0, 38.5157, 0.0076, -0.5488, 0.8358
20.0, -11.6476, 48.5677, 0.0002, -0.5602, 0.8283
20.0, -7.6698, 50.7951, 0.0002, -0.3569, 0.9342
20.0, -4.6583, 51.3482, 0.0002, -0.0299, 0.9996
20.0, 4.6686, 51.3606, -0.0017, 0.065, 0.9979
20.0, 9.0839, 50.2216, -0.0019, 0.383, 0.9238
20.0, 12.7696, 47.5591, -0.0019, 0.6479, 0.7618
20.0, 20.0, 39.7601, -0.0076, 0.5488, 0.8358
15.0, 20.0, 39.7601, -0.0076, 0.5488, 0.8358
10.0, 20.0, 39.7601, -0.0076, 0.5488, 0.8358
5.0, 20.0, 39.7601, -0.0076, 0.5488, 0.8358
0.0, 20.0, 38.5157, -0.0076, 0.5488, 0.8358
-5.0, 20.0, 38.5157, -0.0076, 0.5488, 0.8358
-10.0, 20.0, 38.5157, -0.0076, 0.5488, 0.8358
-15.0, 20.0, 38.5157, -0.0076, 0.5488, 0.8358
-20.0, 20.0, 38.5157, -0.0076, 0.5488, 0.8358
-20.0, 20.0, 38.5157, -0.0076, 0.5488, 0.8358
-20.0, 11.6476, 48.5677, -0.0002, 0.5602, 0.8283
-20.0, 7.6698, 50.7951, -0.0002, 0.3569, 0.9342
-20.0, 4.6583, 51.3482, -0.0002, 0.0299, 0.9996
-20.0, -4.6686, 51.3606, 0.0017, -0.065, 0.9979
-20.0, -9.0839, 50.2216, 0.0019, -0.383, 0.9238
-20.0, -12.7696, 47.5591, 0.0019, -0.6479, 0.7618
-20.0, -20.0, 39.7601, 0.0076, -0.5488, 0.8358
-15.0, -20.0, 39.7601, 0.0076, -0.5488, 0.8358
-10.0, -20.0, 39.7601, 0.0076, -0.5488, 0.8358
-5.0, -20.0, 39.7601, 0.0076, -0.5488, 0.8358
0.0, -20.0, 38.5157, 0.0076, -0.5488, 0.8358
5.0, -20.0, 38.5157, 0.0076, -0.5488, 0.8358
10.0, -20.0, 38.5157, 0.0076, -0.5488, 0.8358
15.0, -20.0, 38.5157, 0.0076, -0.5488, 0.8358
20.0, -20.0, 38.5157, 0.0076, -0.5488, 0.8358
20.0, -20.0, 38.5157, 0.0076, -0.5488, 0.8358
20.0, -20.0, 39.2836, 0.0076, -0.5488, 0.8358
20.0, -11.8513, 49.0904, 0.0002, -0.5524, 0.8336
20.0, -7.9705, 51.2635, 0.0002, -0.2837, 0.9589
20.0, -5.0325, 51.8031, 0.0002, -0.0324, 0.9995
20.0, 5.0438, 51.8168, -0.0019, 0.0657, 0.9978
20.0, 9.3511, 50.7056, -0.0021, 0.3772, 0.9261
20.0, 12.9465, 48.1083, -0.0021, 0.6389, 0.7693
20.0, 20.0, 40.5001, -0.0076, 0.5488, 0.8358
15.0, 20.0, 40.5001, -0.0076, 0.5488, 0.8358
10.0, 20.0, 40.5001, -0.0076, 0.5488, 0.8358
5.0, 20.0, 40.5001, -0.0076, 0.5488, 0.8358
0.0, 20.0, 39.2836, -0.0076, 0.5488, 0.8358
-5.0, 20.0, 39.2836, -0.0076, 0.5488, 0.8358
-10.0, 20.0, 39.2836, -0.0076, 0.5488, 0.8358
-15.0, 20.0, 39.2836, -0.0076, 0.5488, 0.8358
-20.0, 20.0, 39.2836, -0.0076, 0.5488, 0.8358
-20.0, 20.0, 39.2836, -0.0076, 0.5488, 0.8358
-20.0, 11.8513, 49.0904, -0.0002, 0.5524, 0.8336
-20.0, 7.9705, 51.2635, -0.0002, 0.2837, 0.9589
-20.0, 5.0325, 51.8031, -0.0002, 0.0324, 0.9995
-20.0, -5.0438, 51.8168, 0.0019, -0.0657, 0.9978
-20.0, -9.3511, 50.7056, 0.0021, -0.3772, 0.9261
-20.0, -12.9465, 48.1083, 0.0021, -0.6389, 0.7693
-20.0, -20.0, 40.5001, 0.0076, -0.5488, 0.8358
-15.0, -20.0, 40.5001, 0.0076, -0.5488, 0.8358
-10.0, -20.0, 40.5001, 0.0076, -0.5488, 0.8358
-5.0, -20.0, 40.5001, 0.0076, -0.5488, 0.8358
0.0, -20.0, 39.2836, 0.0076, -0.5488, 0.8358
5.0, -20.0, 39.2836, 0.0076, -0.5488, 0.8358
10.0, -20.0, 39.2836, 0.0076, -0.5488, 0.8358
15.0, -20.0, 39.2836, 0.0076, -0.5488, 0.8358
20.0, -20.0, 39.2836, 0.0076, -0.5488, 0.8358
20.0, -20.0, 39.2836, 0.0076, -0.5488, 0.8358
20.0, -20.0, 40.0515, 0.0076, -0.5488, 0.8358
20.0, -12.055, 49.6132, 0.0002, -0.5445, 0.8388
20.0, -8.2713, 51.7319, 0.0002, -0.2809, 0.9597
20.0, -5.4067, 52.258, 0.0002, -0.0349, 0.9994
20.0, 5.419, 52.273, -0.0021, 0.0664, 0.9978
20.0, 9.6183, 51.1897, -0.0023, 0.3714, 0.9285
20.0, 13.1235, 48.6575, -0.0023, 0.6296, 0.7769
20.0, 20.0, 41.2402, -0.0076, 0.5488, 0.8358
15.0, 20.0, 41.2402, -0.0076, 0.5488, 0.8358
10.0, 20.0, 41.2402, -0.0076, 0.5488, 0.8358
5.0, 20.0, 41.2402, -0.0076, 0.5488, 0.8358
0.0, 20.0, 40.0515, -0.0076, 0.5488, 0.8358
-5.0, 20.0, 40.0515, -0.0076, 0.5488, 0.8358
-10.0, 20.0, 40.0515, -0.0076, 0.5488, 0.8358
-15.0, 20.0, 40.0515, -0.0076, 0.5488, 0.8358
-20.0, 20.0, 40.0515, -0.0076, 0.5488, 0.8358
-20.0, 20.0, 40.0515, -0.0076, 0.5488, 0.8358
-20.0, 12.055, 49.6132, -0.0002, 0.5445, 0.8388
-20.0, 8.2713, 51.7319, -0.0002, 0.2809, 0.9597
-20.0, 5.4067, 52.258, -0.0002, 0.0349, 0.9994
-20.0, -5.419, 52.273, 0.0021, -0.0664, 0.9978
-20.0, -9.6183, 51.1897, 0.0023, -0.3714, 0.9285
-20.0, -13.1235, 48.6575, 0.0023, -0.6296, 0.7769
-20.0, -20.0, 41.2402, 0.0076, -0.5488, 0.8358
-15.0, -20.0, 41.2402, 0.0076, -0.5488, 0.8358
-10.0, -20.0, 41.2402, 0.0076, -0.5488, 0.8358
-5.0, -20.0, 41.2402, 0.0076, -0.5488, 0.8358
0.0, -20.0, 40.0515, 0.0076, -0.5488, 0.8358
5.0, -20.0, 40.0515, 0.0076, -0.5488, 0.8358
10.0, -20.0, 40.0515, 0.0076, -0.5488, 0.8358
15.0, -20.0, 40.0515, 0.0076, -0.5488, 0.8358
20.0, -20.0, 40.0515, 0.0076, -0.5488, 0.8358
20.0, -20.0, 40.0515, 0.0076, -0.5488, 0.8358
20.0, -20.0, 40.8194, 0.0076, -0.5488, 0.8358
20.0, -12.2587, 50.1359, 0.0002, -0.5364, 0.8439
20.0, -8.572, 52.2003, 0.0002, -0.2781, 0.9605
20.0, -5.7809, 52.7129, 0.0002, -0.0374, 0.9993
20.0, 5.7942, 52.7292, -0.0022, 0.0672, 0.9977
20.0, 9.8854, 51.6738, -0.0025, 0.3656, 0.9308
20.0, 13.3004, 49.2067, -0.0025, 0.6201, 0.7845
20.0, 20.0, 41.9803, -0.0076, 0.5488, 0.8358
15.0, 20.0, 41.9803, -0.0076, 0.5488, 0.8358
10.0, 20.0, 41.9803, -0.0076, 0.5488, 0.8358
5.0, 20.0, 41.9803, -0.0076, 0.5488, 0.8358
0.0, 20.0, 40.8194, -0.0076, 0.5488, 0.8358
-5.0, 20.0, 40.8194, -0.0076, 0.5488, 0.8358
-10.0, 20.0, 40.8194, -0.0076, 0.5488, 0.8358
-15.0, 20.0, 40.8194, -0.0076, 0.5488, 0.8358
-20.0, 20.0, 40.8194, -0.0076, 0.5488, 0.8358
-20.0, 20.0, 40.8194, -0.0076, 0.5488, 0.8358
-20.0, 12.2587, 50.1359, -0.0002, 0.5364, 0.8439
-20.0, 8.572, 52.2003, -0.0002, 0.2781, 0.9605
-20.0, 5.7809, 52.7129, -0.0002, 0.0374, 0.9993
-20.0, -5.7942, 52.7292, 0.0022, -0.0672, 0.9977
-20.0, -9.8854, 51.6738, 0.0025, -0.3656, 0.9308
-20.0, -13.3004, 49.2067, 0.0025, -0.6201, 0.7845
-20.0, -20.0, 41.9803, 0.0076, -0.5488, 0.8358
-15.0, -20.0, 41.9803, 0.0076, -0.5488, 0.8358
-10.0, -20.0, 41.9803, 0.0076, -0.5488, 0.8358
-5.0, -20.0, 41.9803, 0.0076, -0.5488, 0.8358
0.0, -20.0, 40.8194, 0.0076, -0.5488, 0.8358
5.0, -20.0, 40.8194, 0.0076, -0.5488, 0.8358
10.0, -20.0, 40.8194, 0.0076, -0.5488, 0.8358
15.0, -20.0, 40.8194, 0.0076, -0.5488, 0.8358
20.0, -20.0, 40.8194, 0.0076, -0.5488, 0.8358
20.0, -20.0, 40.8194, 0.0076, -0.5488, 0.8358
20.0, -20.0, 41.5873, 0.0076, -0.5488, 0.8358
20.0, -12.4625, 50.6587, 0.0003, -0.5283, 0.8491
20.0, -8.8728, 52.6687, 0.0003, -0.2753, 0.9614
20.0, -6.1551, 53.1679, 0.0002, -0.04, 0.9992
20.0, 6.1694, 53.1853, -0.0024, 0.0679, 0.9977
20.0, 8.8834, 52.6853, -0.0027, 0.2655, 0.9641
20.0, 12.4703, 50.6787, -0.0027, 0.5215, 0.8532
20.0, 20.0, 42.7204, -0.0076, 0.5488, 0.8358
15.0, 20.0, 42.7204, -0.0076, 0.5488, 0.8358
10.0, 20.0, 42.7204, -0.0076, 0.5488, 0.8358
5.0, 20.0, 42.7204, -0.0076, 0.5488, 0.8358
0.0, 20.0, 41.5873, -0.0076, 0.5488, 0.8358
-5.0, 20.0, 41.5873, -0.0076, 0.5488, 0.8358
-10.0, 20.0, 41.5873, -0.0076, 0.5488, 0.8358
-15.0, 20.0, 41.5873, -0.0076, 0.5488, 0.8358
-20.0, 20.0, 41.5873, -0.0076, 0.5488, 0.8358
-20.0, 20.0, 41.5873, -0.0076, 0.5488, 0.8358
-20.0, 12.4625, 50.6586, -0.0003, 0.5283, 0.8491
-20.0, 8.8728, 52.6687, -0.0003, 0.2753, 0.9614
-20.0, 6.1551, 53.1679, -0.0002, 0.04, 0.9992
-20.0, -6.1694, 53.1853, 0.0024, -0.0679, 0.9977
-20.0, -8.8834, 52.6853, 0.0027, -0.2655, 0.9641
-20.0, -12.4703, 50.6788, 0.0027, -0.5215, 0.8532
-20.0, -20.0, 42.7204, 0.0076, -0.5488, 0.8358
-15.0, -20.0, 42.7204, 0.0076, -0.5488, 0.8358
-10.0, -20.0, 42.7204, 0.0076, -0.5488, 0.8358
-5.0, -20.0, 42.7204, 0.0076, -0.5488, 0.8358
0.0, -20.0, 41.5873, 0.0076, -0.5488, 0.8358
5.0, -20.0, 41.5873, 0.0076, -0.5488, 0.8358
10.0, -20.0, 41.5873, 0.0076, -0.5488, 0.8358
15.0, -20.0, 41.5873, 0.0076, -0.5488, 0.8358
20.0, -20.0, 41.5873, 0.0076, -0.5488, 0.8358
20.0, -20.0, 41.5873, 0.0076, -0.5488, 0.8358
20.0, -20.0, 42.3552, 0.0076, -0.5488, 0.8358
20.0, -12.6662, 51.1814, 0.0003, -0.52, 0.8542
20.0, -9.1735, 53.1372, 0.0003, -0.2725, 0.9622
20.0, -6.5293, 53.6228, 0.0002, -0.0426, 0.9991
20.0, 6.5447, 53.6415, -0.0026, 0.0687, 0.9976
20.0, 9.185, 53.155, -0.0029, 0.2617, 0.9651
20.0, 12.6746, 51.2029, -0.003, 0.5125, 0.8587
20.0, 20.0, 43.4605, -0.0076, 0.5488, 0.8358
15.0, 20.0, 43.4605, -0.0076, 0.5488, 0.8358
10.0, 20.0, 43.4605, -0.0076, 0.5488, 0.8358
5.0, 20.0, 43.4605, -0.0076, 0.5488, 0.8358
0.0, 20.0, 42.3552, -0.0076, 0.5488, 0.8358
-5.0, 20.0, 42.3552, -0.0076, 0.5488, 0.8358
-10.0, 20.0, 42.3552, -0.0076, 0.5488, 0.8358
-15.0, 20.0, 42.3552, -0.0076, 0.5488, 0.8358
-20.0, 20.0, 42.3552, -0.0076, 0.5488, 0.8358
-20.0, 20.0, 42.3552, -0.0076, 0.5488, 0.8358
-20.0, 12.6662, 51.1814, -0.0003, 0.52, 0.8542
-20.0, 9.1735, 53.1372, -0.0003, 0.2725, 0.9622
-20.0, 6.5293, 53.6228, -0.0002, 0.0426, 0.9991
-20.0, -6.5447, 53.6415, 0.0026, -0.0687, 0.9976
-20.0, -9.185, 53.155, 0.0029, -0.2617, 0.9651
-20.0, -12.6746, 51.2029, 0.003, -0.5125, 0.8587
-20.0, -20.0, 43.4605, 0.0076, -0.5488, 0.8358
-15.0, -20.0, 43.4605, 0.0076, -0.5488, 0.8358
-10.0, -20.0, 43.4605, 0.0076, -0.5488, 0.8358
-5.0, -20.0, 43.4605, 0.0076, -0.5488, 0.8358
0.0, -20.0, 42.3552, 0.0076, -0.5488, 0.8358
5.0, -20.0, 42.3552, 0.0076, -0.5488, 0.8358
10.0, -20.0, 42.3552, 0.0076, -0.5488, 0.8358
15.0, -20.0, 42.3552, 0.0076, -0.5488, 0.8358
20.0, -20.0, 42.3552, 0.0076, -0.5488, 0.8358
20.0, -20.0, 42.3552, 0.0076, -0.5488, 0.8358
20.0, -20.0, 43.1232, 0.0076, -0.5488, 0.8358
20.0, -12.8699, 51.7041, 0.0003, -0.5116, 0.8592
20.0, -9.4742, 53.6056, 0.0003, -0.2696, 0.963
20.0, -6.9034, 54.0777, 0.0003, -0.0452, 0.999
20.0, 6.9199, 54.0977, -0.0028, 0.0694, 0.9976
20.0, 9.4866, 53.6248, -0.0031, 0.2579, 0.9662
20.0, 12.8788, 51.7271, -0.0032, 0.5034, 0.8641
20.0, 20.0, 44.2006, -0.0076, 0.5488, 0.8358
15.0, 20.0, 44.2006, -0.0076, 0.5488, 0.8358
10.0, 20.0, 44.2006, -0.0076, 0.5488, 0.8358
5.0, 20.0, 44.2006, -0.0076, 0.5488, 0.8358
0.0, 20.0, 43.1232, -0.0076, 0.5488, 0.8358
-5.0, 20.0, 43.1232, -0.0076, 0.5488, 0.8358
-10.0, 20.0, 43.1232, -0.0076, 0.5488, 0.8358
-15.0, 20.0, 43.1232, -0.0076, 0.5488, 0.8358
-20.0, 20.0, 43.1232, -0.0076, 0.5488, 0.8358
-20.0, 20.0, 43.1232, -0.0076, 0.5488, 0.8358
-20.0, 12.8699, 51.7041, -0.0003, 0.5116, 0.8592
-20.0, 9.4742, 53.6056, -0.0003, 0.2696, 0.963
-20.0, 6.9034, 54.0777, -0.0003, 0.0452, 0.999
-20.0, -6.9199, 54.0977, 0.0028, -0.0694, 0.9976
-20.0, -9.4866, 53.6248, 0.0031, -0.2579, 0.9662
-20.0, -12.8788, 51.7271, 0.0032, -0.5034, 0.8641
-20.0, -20.0, 44.2006, 0.0076, -0.5488, 0.8358
-15.0, -20.0, 44.2006, 0.0076, -0.5488, 0.8358
-10.0, -20.0, 44.2006, 0.0076, -0.5488, 0.8358
-5.0, -20.0, 44.2006, 0.0076, -0.5488, 0.8358
0.0, -20.0, 43.1232, 0.0076, -0.5488, 0.8358
5.0, -20.0, 43.1232, 0.0076, -0.5488, 0.8358
10.0, -20.0, 43.1232, 0.0076, -0.5488, 0.8358
15.0, -20.0, 43.1232, 0.0076, -0.5488, 0.8358
20.0, -20.0, 43.1232, 0.0076, -0.5488, 0.8358
20.0, -20.0, 43.1232, 0.0076, -0.5488, 0.8358
20.0, -20.0, 43.8911, 0.0076, -0.5488, 0.8358
20.0, -13.0736, 52.2269, 0.0003, -0.5031, 0.8642
20.0, -9.775, 54.074, 0.0003, -0.2668, 0.9638
20.0, -7.2776, 54.5326, 0.0003, -0.0479, 0.9989
20.0, 7.2951, 54.5539, -0.003, 0.0702, 0.9975
20.0, 9.7882, 54.0945, -0.0033, 0.254, 0.9672
20.0, 13.0831, 52.2513, -0.0034, 0.4941, 0.8694
20.0, 20.0, 44.9407, -0.0076, 0.5488, 0.8358
15.0, 20.0, 44.9407, -0.0076, 0.5488, 0.8358
10.0, 20.0, 44.9407, -0.0076, 0.5488, 0.8358
5.0, 20.0, 44.9407, -0.0076, 0.5488, 0.8358
0.0, 20.0, 43.8911, -0.0076, 0.5488, 0.8358
-5.0, 20.0, 43.8911, -0.0076, 0.5488, 0.8358
-10.0, 20.0, 43.8911, -0.0076, 0.5488, 0.8358
-15.0, 20.0, 43.8911, -0.0076, 0.5488, 0.8358
-20.0, 20.0, 43.8911, -0.0076, 0.5488, 0.8358
-20.0, 20.0, 43.8911, -0.0076, 0.5488, 0.8358
-20.0, 13.0736, 52.2269, -0.0003, 0.5031, 0.8642
-20.0, 9.775, 54.074, -0.0003, 0.2668, 0.9638
-20.0, 7.2776, 54.5326, -0.0003, 0.0479, 0.9989
-20.0, -7.2951, 54.5539, 0.003, -0.0702, 0.9975
-20.0, -9.7882, 54.0945, 0.0033, -0.254, 0.9672
-20.0, -13.0831, 52.2513, 0.0034, -0.4941, 0.8694
-20.0, -20.0, 44.9407, 0.0076, -0.5488, 0.8358
-15.0, -20.0, 44.9407, 0.0076, -0.5488, 0.8358
-10.0, -20.0, 44.9407, 0.0076, -0.5488, 0.8358
-5.0, -20.0, 44.9407, 0.0076, -0.5488, 0.8358
0.0, -20.0, 43.8911, 0.0076, -0.5488, 0.8358
5.0, -20.0, 43.8911, 0.0076, -0.5488, 0.8358
10.0, -20.0, 43.8911, 0.0076, -0.5488, 0.8358
15.0, -20.0, 43.8911, 0.0076, -0.5488, 0.8358
20.0, -20.0, 43.8911, 0.0076, -0.5488, 0.8358
20.0, -20.0, 43.8911, 0.0076, -0.5488, 0.8358
20.0, -20.0, 44.659, 0.0076, -0.5488, 0.8358
20.0, -13.2773, 52.7496, 0.0003, -0.4945, 0.8692
20.0, -10.0757, 54.5424, 0.0003, -0.2639, 0.9646
20.0, -7.6518, 54.9876, 0.0003, -0.0505, 0.9987
20.0, 7.6703, 55.0101, -0.0032, 0.071, 0.9975
20.0, 10.0898, 54.5643, -0.0035, 0.2501, 0.9682
20.0, 13.2874, 52.7755, -0.0036, 0.4846, 0.8747
20.0, 20.0, 45.6808, -0.0076, 0.5488, 0.8358
15.0, 20.0, 45.6808, -0.0076, 0.5488, 0.8358
10.0, 20.0, 45.6808, -0.0076, 0.5488, 0.8358
5.0, 20.0, 45.6808, -0.0076, 0.5488, 0.8358
0.0, 20.0, 44.659, -0.0076, 0.5488, 0.8358
-5.0, 20.0, 44.659, -0.0076, 0.5488, 0.8358
-10.0, 20.0, 44.659, -0.0076, 0.5488, 0.8358
-15.0, 20.0, 44.659, -0.0076, 0.5488, 0.8358
-20.0, 20.0, 44.659, -0.0076, 0.5488, 0.8358
-20.0, 20.0, 44.659, -0.0076, 0.5488, 0.8358
-20.0, 13.2773, 52.7496, -0.0003, 0.4945, 0.8692
-20.0, 10.0757, 54.5424, -0.0003, 0.2639, 0.9646
-20.0, 7.6518, 54.9876, -0.0003, 0.0505, 0.9987
-20.0, -7.6703, 55.0101, 0.0032, -0.071, 0.9975
-20.0, -10.0898, 54.5643, 0.0035, -0.2501, 0.9682
-20.0, -13.2874, 52.7755, 0.0036, -0.4846, 0.8747
-20.0, -20.0, 45.6808, 0.0076, -0.5488, 0.8358
-15.0, -20.0, 45.6808, 0.0076, -0.5488, 0.8358
-10.0, -20.0, 45.6808, 0.0076, -0.5488, 0.8358
-5.0, -20.0, 45.6808, 0.0076, -0.5488, 0.8358
0.0, -20.0, 44.659, 0.0076, -0.5488, 0.8358
5.0, -20.0, 44.659, 0.0076, -0.5488, 0.8358
10.0, -20.0, 44.659, 0.0076, -0.5488, 0.8358
15.0, -20.0, 44.659, 0.0076, -0.5488, 0.8358
20.0, -20.0, 44.659, 0.0076, -0.5488, 0.8358
20.0, -20.0, 44.659, 0.0076, -0.5488, 0.8358
20.0, -20.0, 45.4269, 0.0076, -0.5488, 0.8358
20.0, -13.481, 53.2723, 0.0004, -0.4858, 0.8741
20.0, -10.3764, 55.0108, 0.0004, -0.261, 0.9653
20.0, -8.026, 55.4425, 0.0003, -0.0532, 0.9986
20.0, 8.0455, 55.4662, -0.0034, 0.0717, 0.9974
20.0, 10.3913, 55.034, -0.0037, 0.2461, 0.9692
20.0, 13.4917, 53.2997, -0.0038, 0.475, 0.88
20.0, 20.0, 46.4209, -0.0076, 0.5488, 0.8358
15.0, 20.0, 46.4209, -0.0076, 0.5488, 0.8358
10.0, 20.0, 46.4209, -0.0076, 0.5488, 0.8358
5.0, 20.0, 46.4209, -0.0076, 0.5488, 0.8358
0.0, 20.0, 45.4269, -0.0076, 0.5488, 0.8358
-5.0, 20.0, 45.4269, -0.0076, 0.5488, 0.8358
-10.0, 20.0, 45.4269, -0.0076, 0.5488, 0.8358
-15.0, 20.0, 45.4269, -0.0076, 0.5488, 0.8358
-20.0, 20.0, 45.4269, -0.0076, 0.5488, 0.8358
-20.0, 20.0, 45.4269, -0.0076, 0.5488, 0.8358
-20.0, 13.481, 53.2723, -0.0004, 0.4858, 0.8741
-20.0, 10.3764, 55.0108, -0.0004, 0.261, 0.9653
-20.0, 8.026, 55.4425, -0.0003, 0.0532, 0.9986
-20.0, -8.0455, 55.4662, 0.0034, -0.0717, 0.9974
-20.0, -10.3913, 55.034, 0.0037, -0.2461, 0.9692
-20.0, -13.4917, 53.2997, 0.0038, -0.475, 0.88
-20.0, -20.0, 46.4209, 0.0076, -0.5488, 0.8358
-15.0, -20.0, 46.4209, 0.0076, -0.5488, 0.8358
-10.0, -20.0, 46.4209, 0.0076, -0.5488, 0.8358
-5.0, -20.0, 46.4209, 0.0076, -0.5488, 0.8358
0.0, -20.0, 45.4269, 0.0076, -0.5488, 0.8358
5.0, -20.0, 45.4269, 0.0076, -0.5488, 0.8358
10.0, -20.0, 45.4269, 0.0076, -0.5488, 0.8358
15.0, -20.0, 45.4269, 0.0076, -0.5488, 0.8358
20.0, -20.0, 45.4269, 0.0076, -0.5488, 0.8358
20.0, -20.0, 45.4269, 0.0076, -0.5488, 0.8358
20.0, -20.0, 46.1948, 0.0076, -0.5488, 0.8358
20.0, -13.6848, 53.7951, 0.0004, -0.477, 0.8789
20.0, -10.6772, 55.4792, 0.0004, -0.2581, 0.9661
20.0, -8.4002, 55.8974, 0.0003, -0.056, 0.9984
20.0, 8.4208, 55.9224, -0.0036, 0.0725, 0.9974
20.0, 10.6929, 55.5038, -0.0039, 0.2422, 0.9702
20.0, 13.696, 53.8238, -0.004, 0.4652, 0.8852
20.0, 20.0, 47.161, -0.0076, 0.5488, 0.8358
15.0, 20.0, 47.161, -0.0076, 0.5488, 0.8358
10.0, 20.0, 47.161, -0.0076, 0.5488, 0.8358
5.0, 20.0, 47.161, -0.0076, 0.5488, 0.8358
0.0, 20.0, 46.1948, -0.0076, 0.5488, 0.8358
-5.0, 20.0, 46.1948, -0.0076, 0.5488, 0.8358
-10.0, 20.0, 46.1948, -0.0076, 0.5488, 0.8358
-15.0, 20.0, 46.1948, -0.0076, 0.5488, 0.8358
-20.0, 20.0, 46.1948, -0.0076, 0.5488, 0.8358
-20.0, 20.0, 46.1948, -0.0076, 0.5488, 0.8358
-20.0, 13.6848, 53.7951, -0.0004, 0.477, 0.8789
-20.0, 10.6772, 55.4792, -0.0004, 0.2581, 0.9661
-20.0, 8.4002, 55.8974, -0.0003, 0.056, 0.9984
-20.0, -8.4208, 55.9224, 0.0036, -0.0725, 0.9974
-20.0, -10.6929, 55.5038, 0.0039, -0.2422, 0.9702
-20.0, -13.696, 53.8238, 0.004, -0.4652, 0.8852
-20.0, -20.0, 47.161, 0.0076, -0.5488, 0.8358
-15.0, -20.0, 47.161, 0.0076, -0.5488, 0.8358
-10.0, -20.0, 47.161, 0.0076, -0.5488, 0.8358
-5.0, -20.0, 47.161, 0.0076, -0.5488, 0.8358
0.0, -20.0, 46.1948, 0.0076, -0.5488, 0.8358
5.0, -20.0, 46.1948, 0.0076, -0.5488, 0.8358
10.0, -20.0, 46.1948, 0.0076, -0.5488, 0.8358
15.0, -20.0, 46.1948, 0.0076, -0.5488, 0.8358
20.0, -20.0, 46.1948, 0.0076, -0.5488, 0.8358
20.0, -20.0, 46.1948, 0.0076, -0.5488, 0.8358
20.0, -20.0, 46.9627, 0.0076, -0.5488, 0.8358
20.0, -13.8885, 54.3178, 0.0004, -0.468, 0.8837
20.0, -10.9779, 55.9476, 0.0004, -0.2551, 0.9669
20.0, -8.7744, 56.3523, 0.0004, -0.0587, 0.9983
20.0, 8.796, 56.3786, -0.0038, 0.0733, 0.9973
20.0, 10.9945, 55.9735, -0.0042, 0.2382, 0.9712
20.0, 13.9002, 54.348, -0.0043, 0.4553, 0.8903
20.0, 20.0, 47.901, -0.0076, 0.5488, 0.8358
15.0, 20.0, 47.901, -0.0076, 0.5488, 0.8358
10.0, 20.0, 47.901, -0.0076, 0.5488, 0.8358
5.0, 20.0, 47.901, -0.0076, 0.5488, 0.8358
0.0, 20.0, 46.9627, -0.0076, 0.5488, 0.8358
-5.0, 20.0, 46.9627, -0.0076, 0.5488, 0.8358
-10.0, 20.0, 46.9627, -0.0076, 0.5488, 0.8358
-15.0, 20.0, 46.9627, -0.0076, 0.5488, 0.8358
-20.0, 20.0, 46.9627, -0.0076, 0.5488, 0.8358
-20.0, 20.0, 46.9627, -0.0076, 0.5488, 0.8358
-20.0, 13.8885, 54.3178, -0.0004, 0.468, 0.8837
-20.0, 10.9779, 55.9476, -0.0004, 0.2551, 0.9669
-20.0, 8.7744, 56.3523, -0.0004, 0.0587, 0.9983
-20.0, -8.796, 56.3786, 0.0038, -0.0733, 0.9973
-20.0, -10.9945, 55.9735, 0.0042, -0.2382, 0.9712
-20.0, -13.9002, 54.348, 0.0043, -0.4553, 0.8903
-20.0, -20.0, 47.901, 0.0076, -0.5488, 0.8358
-15.0, -20.0, 47.901, 0.0076, -0.5488, 0.8358
-10.0, -20.0, 47.901, 0.0076, -0.5488, 0.8358
-5.0, -20.0, 47.901, 0.0076, -0.5488, 0.8358
0.0, -20.0, 46.9627, 0.0076, -0.5488, 0.8358
5.0, -20.0, 46.9627, 0.0076, -0.5488, 0.8358
10.0, -20.0, 46.9627, 0.0076, -0.5488, 0.8358
15.0, -20.0, 46.9627, 0.0076, -0.5488, 0.8358
20.0, -20.0, 46.9627, 0.0076, -0.5488, 0.8358
20.0, -20.0, 46.9627, 0.0076, -0.5488, 0.8358
20.0, -20.0, 47.7306, 0.0076, -0.5488, 0.8358
20.0, -14.0922, 54.8406, 0.0004, -0.459, 0.8885
20.0, -11.2786, 56.416, 0.0004, -0.2522, 0.9677
20.0, -9.1486, 56.8073, 0.0004, -0.1009, 0.9949
20.0, 9.1712, 56.8348, -0.004, 0.0793, 0.9968
20.0, 11.2961, 56.4433, -0.0044, 0.2341, 0.9722
20.0, 14.1045, 54.8722, -0.0045, 0.4453, 0.8954
20.0, 20.0, 48.6411, -0.0076, 0.5488, 0.8358
15.0, 20.0, 48.6411, -0.0076, 0.5488, 0.8358
10.0, 20.0, 48.6411, -0.0076, 0.5488, 0.8358
5.0, 20.0, 48.6411, -0.0076, 0.5488, 0.8358
0.0, 20.0, 47.7306, -0.0076, 0.5488, 0.8358
-5.0, 20.0, 47.7306, -0.0076, 0.5488, 0.8358
-10.0, 20.0, 47.7306, -0.0076, 0.5488, 0.8358
-15.0, 20.0, 47.7306, -0.0076, 0.5488, 0.8358
-20.0, 20.0, 47.7306, -0.0076, 0.5488, 0.8358
-20.0, 20.0, 47.7306, -0.0076, 0.5488, 0.8358
-20.0, 14.0922, 54.8406, -0.0004, 0.459, 0.8885
-20.0, 11.2786, 56.416, -0.0004, 0.2522, 0.9677
-20.0, 9.1486, 56.8073, -0.0004, 0.1009, 0.9949
-20.0, -9.1712, 56.8348, 0.004, -0.0793, 0.9968
-20.0, -11.2961, 56.4433, 0.0044, -0.2341, 0.9722
-20.0, -14.1045, 54.8722, 0.0045, -0.4453, 0.8954
-20.0, -20.0, 48.6411, 0.0076, -0.5488, 0.8358
-15.0, -20.0, 48.6411, 0.0076, -0.5488, 0.8358
-10.0, -20.0, 48.6411, 0.0076, -0.5488, 0.8358
-5.0, -20.0, 48.6411, 0.0076, -0.5488, 0.8358
0.0, -20.0, 47.7306, 0.0076, -0.5488, 0.8358
5.0, -20.0, 47.7306, 0.0076, -0.5488, 0.8358
10.0, -20.0, 47.7306, 0.0076, -0.5488, 0.8358
15.0, -20.0, 47.7306, 0.0076, -0.5488, 0.8358
20.0, -20.0, 47.7306, 0.0076, -0.5488, 0.8358
20.0, -20.0, 47.7306, 0.0076, -0.5488, 0.8358
20.0, -20.0, 48.4985, 0.0076, -0.5488, 0.8358
20.0, -14.2959, 55.3633, 0.0005, -0.4498, 0.8931
20.0, -11.5794, 56.8845, 0.0004, -0.2492, 0.9685
20.0, -9.5228, 57.2622, 0.0004, -0.1026, 0.9947
20.0, 9.5464, 57.2909, -0.0042, 0.0799, 0.9968
20.0, 11.5977, 56.913, -0.0046, 0.23, 0.9732
20.0, 14.3088, 55.3964, -0.0047, 0.4351, 0.9004
20.0, 20.0, 49.3812, -0.0076, 0.5488, 0.8358
15.0, 20.0, 49.3812, -0.0076, 0.5488, 0.8358
10.0, 20.0, 49.3812, -0.0076, 0.5488, 0.8358
5.0, 20.0, 49.3812, -0.0076, 0.5488, 0.8358
0.0, 20.0, 48.4985, -0.0076, 0.5488, 0.8358
-5.0, 20.0, 48.4985, -0.0076, 0.5488, 0.8358
-10.0, 20.0, 48.4985, -0.0076, 0.5488, 0.8358
-15.0, 20.0, 48.4985, -0.0076, 0.5488, 0.8358
-20.0, 20.0, 48.4985, -0.0076, 0.5488, 0.8358
-20.0, 20.0, 48.4985, -0.0076, 0.5488, 0.8358
-20.0, 14.2959, 55.3633, -0.0005, 0.4498, 0.8931
-20.0, 11.5794, 56.8845, -0.0004, 0.2492, 0.9685
-20.0, 9.5228, 57.2622, -0.0004, 0.1026, 0.9947
-20.0, -9.5464, 57.2909, 0.0042, -0.0799, 0.9968
-20.0, -11.5977, 56.913, 0.0046, -0.23, 0.9732
-20.0, -14.3088, 55.3964, 0.0047, -0.4351, 0.9004
-20.0, -20.0, 49.3812, 0.0076, -0.5488, 0.8358
-15.0, -20.0, 49.3812, 0.0076, -0.5488, 0.8358
-10.0, -20.0, 49.3812, 0.0076, -0.5488, 0.8358
-5.0, -20.0, 49.3812, 0.0076, -0.5488, 0.8358
0.0, -20.0, 48.4985, 0.0076, -0.5488, 0.8358
5.0, -20.0, 48.4985, 0.0076, -0.5488, 0.8358
10.0, -20.0, 48.4985, 0.0076, -0.5488, 0.8358
15.0, -20.0, 48.4985, 0.0076, -0.5488, 0.8358
20.0, -20.0, 48.4985, 0.0076, -0.5488, 0.8358
20.0, -20.0, 48.4985, 0.0076, -0.5488, 0.8358
20.0, -20.0, 49.2664, 0.0076, -0.5488, 0.8358
20.0, -14.4996, 55.886, 0.0005, -0.4405, 0.8977
20.0, -11.8801, 57.3529, 0.0005, -0.2462, 0.9692
20.0, -9.8969, 57.7171, 0.0004, -0.1044, 0.9945
20.0, 9.9216, 57.7471, -0.0044, 0.0806, 0.9967
20.0, 11.8993, 57.3827, -0.0048, 0.2259, 0.9741
20.0, 14.5131, 55.9206, -0.0049, 0.4247, 0.9053
20.0, 20.0, 50.1213, -0.0076, 0.5488, 0.8358
15.0, 20.0, 50.1213, -0.0076, 0.5488, 0.8358
10.0, 20.0, 50.1213, -0.0076, 0.5488, 0.8358
5.0, 20.0, 50.1213, -0.0076, 0.5488, 0.8358
0.0, 20.0, 49.2664, -0.0076, 0.5488, 0.8358
-5.0, 20.0, 49.2664, -0.0076, 0.5488, 0.8358
-10.0, 20.0, 49.2664, -0.0076, 0.5488, 0.8358
-15.0, 20.0, 49.2664, -0.0076, 0.5488, 0.8358
-20.0, 20.0, 49.2664, -0.0076, 0.5488, 0.8358
-20.0, 20.0, 49.2664, -0.0076, 0.5488, 0.8358
-20.0, 14.4996, 55.886, -0.0005, 0.4405, 0.8977
-20.0, 11.8801, 57.3529, -0.0005, 0.2462, 0.9692
-20.0, 9.8969, 57.7171, -0.0004, 0.1044, 0.9945
-20.0, -9.9216, 57.7471, 0.0044, -0.0806, 0.9967
-20.0, -11.8993, 57.3827, 0.0048, -0.2259, 0.9741
-20.0, -14.5131, 55.9206, 0.0049, -0.4247, 0.9053
-20.0, -20.0, 50.1213, 0.0076, -0.5488, 0.8358
-15.0, -20.0, 50.1213, 0.0076, -0.5488, 0.8358
-10.0, -20.0, 50.1213, 0.0076, -0.5488, 0.8358
-5.0, -20.0, 50.1213, 0.0076, -0.5488, 0.8358
0.0, -20.0, 49.2664, 0.0076, -0.5488, 0.8358
5.0, -20.0, 49.2664, 0.0076, -0.5488, 0.8358
10.0, -20.0, 49.2664, 0.0076, -0.5488, 0.8358
15.0, -20.0, 49.2664, 0.0076, -0.5488, 0.8358
20.0, -20.0, 49.2664, 0.0076, -0.5488, 0.8358
20.0, -20.0, 49.2664, 0.0076, -0.5488, 0.8358
20.0, -20.0, 50.0343, 0.0076, -0.5488, 0.8358
20.0, -14.7033, 56.4088, 0.0005, -0.4311, 0.9023
20.0, -12.1809, 57.8213, 0.0005, -0.2432, 0.97
20.0, -10.2711, 58.172, 0.0004, -0.1062, 0.9943
20.0, 11.2628, 58.0904, -0.0049, 0.1583, 0.9874
20.0, 14.7174, 56.4447, -0.0052, 0.4142, 0.9101
20.0, 20.0, 50.8614, -0.0076, 0.5488, 0.8358
15.0, 20.0, 50.8614, -0.0076, 0.5488, 0.8358
10.0, 20.0, 50.8614, -0.0076, 0.5488, 0.8358
5.0, 20.0, 50.8614, -0.0076, 0.5488, 0.8358
0.0, 20.0, 50.0343, -0.0076, 0.5488, 0.8358
-5.0, 20.0, 50.0343, -0.0076, 0.5488, 0.8358
-10.0, 20.0, 50.0343, -0.0076, 0.5488, 0.8358
-15.0, 20.0, 50.0343, -0.0076, 0.5488, 0.8358
-20.0, 20.0, 50.0343, -0.0076, 0.5488, 0.8358
-20.0, 20.0, 50.0343, -0.0076, 0.5488, 0.8358
-20.0, 14.7033, 56.4088, -0.0005, 0.4311, 0.9023
-20.0, 12.1809, 57.8213, -0.0005, 0.2432, 0.97
-20.0, 10.2711, 58.172, -0.0004, 0.1062, 0.9943
-20.0, -11.2628, 58.0904, 0.0049, -0.1583, 0.9874
-20.0, -14.7174, 56.4448, 0.0052, -0.4142, 0.9101
-20.0, -20.0, 50.8614, 0.0076, -0.5488, 0.8358
-15.0, -20.0, 50.8614, 0.0076, -0.5488, 0.8358
-10.0, -20.0, 50.8614, 0.0076, -0.5488, 0.8358
-5.0, -20.0, 50.8614, 0.0076, -0.5488, 0.8358
0.0, -20.0, 50.0343, 0.0076, -0.5488, 0.8358
5.0, -20.0, 50.0343, 0.0076, -0.5488, 0.8358
10.0, -20.0, 50.0343, 0.0076, -0.5488, 0.8358
15.0, -20.0, 50.0343, 0.0076, -0.5488, 0.8358
20.0, -20.0, 50.0343, 0.0076, -0.5488, 0.8358
20.0, -20.0, 50.0343, 0.0076, -0.5488, 0.8358
20.0, -20.0, 50.8023, 0.0076, -0.5488, 0.8358
20.0, -14.9071, 56.9315, 0.0005, -0.4217, 0.9068
20.0, -12.4816, 58.2897, 0.0005, -0.2402, 0.9707
20.0, -10.6453, 58.6269, 0.0005, -0.1079, 0.9942
20.0, 11.6007, 58.551, -0.0051, 0.1563, 0.9877
20.0, 14.9216, 56.9689, -0.0054, 0.4036, 0.9149
20.0, 20.0, 51.6015, -0.0076, 0.5488, 0.8358
15.0, 20.0, 51.6015, -0.0076, 0.5488, 0.8358
10.0, 20.0, 51.6015, -0.0076, 0.5488, 0.8358
5.0, 20.0, 51.6015, -0.0076, 0.5488, 0.8358
0.0, 20.0, 50.8023, -0.0076, 0.5488, 0.8358
-5.0, 20.0, 50.8023, -0.0076, 0.5488, 0.8358
-10.0, 20.0, 50.8023, -0.0076, 0.5488, 0.8358
-15.0, 20.0, 50.8023, -0.0076, 0.5488, 0.8358
-20.0, 20.0, 50.8023, -0.0076, 0.5488, 0.8358
-20.0, 20.0, 50.8023, -0.0076, 0.5488, 0.8358
-20.0, 14.9071, 56.9315, -0.0005, 0.4217, 0.9068
-20.0, 12.4816, 58.2897, -0.0005, 0.2402, 0.9707
-20.0, 10.6453, 58.6269, -0.0005, 0.1079, 0.9942
-20.0, -11.6007, 58.551, 0.0051, -0.1563, 0.9877
-20.0, -14.9216, 56.9689, 0.0054, -0.4036, 0.9149
-20.0, -20.0, 51.6015, 0.0076, -0.5488, 0.8358
-15.0, -20.0, 51.6015, 0.0076, -0.5488, 0.8358
-10.0, -20.0, 51.6015, 0.0076, -0.5488, 0.8358
-5.0, -20.0, 51.6015, 0.0076, -0.5488, 0.8358
0.0, -20.0, 50.8023, 0.0076, -0.5488, 0.8358
5.0, -20.0, 50.8023, 0.0076, -0.5488, 0.8358
10.0, -20.0, 50.8023, 0.0076, -0.5488, 0.8358
15.0, -20.0, 50.8023, 0.0076, -0.5488, 0.8358
20.0, -20.0, 50.8023, 0.0076, -0.5488, 0.8358
20.0, -20.0, 50.8023, 0.0076, -0.5488, 0.8358
20.0, -20.0, 51.5702, 0.0076, -0.5488, 0.8358
20.0, -15.1108, 57.4543, 0.0005, -0.4121, 0.9111
20.0, -12.7823, 58.7581, 0.0005, -0.2371, 0.9715
20.0, -11.0195, 59.0819, 0.0005, -0.1097, 0.994
20.0, 11.9386, 59.0115, -0.0053, 0.1544, 0.988
20.0, 15.1259, 57.4931, -0.0056, 0.3928, 0.9196
20.0, 20.0, 52.3416, -0.0076, 0.5488, 0.8358
15.0, 20.0, 52.3416, -0.0076, 0.5488, 0.8358
10.0, 20.0, 52.3416, -0.0076, 0.5488, 0.8358
5.0, 20.0, 52.3416, -0.0076, 0.5488, 0.8358
0.0, 20.0, 51.5702, -0.0076, 0.5488, 0.8358
-5.0, 20.0, 51.5702, -0.0076, 0.5488, 0.8358
-10.0, 20.0, 51.5702, -0.0076, 0.5488, 0.8358
-15.0, 20.0, 51.5702, -0.0076, 0.5488, 0.8358
-20.0, 20.0, 51.5702, -0.0076, 0.5488, 0.8358
-20.0, 20.0, 51.5702, -0.0076, 0.5488, 0.8358
-20.0, 15.1108, 57.4543, -0.0005, 0.4121, 0.9111
-20.0, 12.7823, 58.7581, -0.0005, 0.2371, 0.9715
-20.0, 11.0195, 59.0819, -0.0005, 0.1097, 0.994
-20.0, -11.9386, 59.0115, 0.0053, -0.1544, 0.988
-20.0, -15.1259, 57.4931, 0.0056, -0.3928, 0.9196
-20.0, -20.0, 52.3416, 0.0076, -0.5488, 0.8358
-15.0, -20.0, 52.3416, 0.0076, -0.5488, 0.8358
-10.0, -20.0, 52.3416, 0.0076, -0.5488, 0.8358
-5.0, -20.0, 52.3416, 0.0076, -0.5488, 0.8358
0.0, -20.0, 51.5702, 0.0076, -0.5488, 0.8358
5.0, -20.0, 51.5702, 0.0076, -0.5488, 0.8358
10.0, -20.0, 51.5702, 0.0076, -0.5488, 0.8358
15.0, -20.0, 51.5702, 0.0076, -0.5488, 0.8358
20.0, -20.0, 51.5702, 0.0076, -0.5488, 0.8358
20.0, -20.0, 51.5702, 0.0076, -0.5488, 0.8358
20.0, -20.0, 52.3381, 0.0076, -0.5488, 0.8358
20.0, -15.3145, 57.977, 0.0006, -0.4024, 0.9155
20.0, -13.0831, 59.2265, 0.0005, -0.2341, 0.9722
20.0, -11.3937, 59.5368, 0.0005, -0.1116, 0.9938
20.0, 12.2764, 59.4721, -0.0055, 0.1524, 0.9883
20.0, 15.3302, 58.0173, -0.0059, 0.3819, 0.9242
20.0, 20.0, 53.0817, -0.0076, 0.5488, 0.8358
15.0, 20.0, 53.0817, -0.0076, 0.5488, 0.8358
10.0, 20.0, 53.0817, -0.0076, 0.5488, 0.8358
5.0, 20.0, 53.0817, -0.0076, 0.5488, 0.8358
0.0, 20.0, 52.3381, -0.0076, 0.5488, 0.8358
-5.0, 20.0, 52.3381, -0.0076, 0.5488, 0.8358
-10.0, 20.0, 52.3381, -0.0076, 0.5488, 0.8358
-15.0, 20.0, 52.3381, -0.0076, 0.5488, 0.8358
-20.0, 20.0, 52.3381, -0.0076, 0.5488, 0.8358
-20.0, 20.0, 52.3381, -0.0076, 0.5488, 0.8358
-20.0, 15.3145, 57.977, -0.0006, 0.4024, 0.9155
-20.0, 13.0831, 59.2265, -0.0005, 0.2341, 0.9722
-20.0, 11.3937, 59.5368, -0.0005, 0.1116, 0.9938
-20.0, -12.2764, 59.4721, 0.0055, -0.1524, 0.9883
-20.0, -15.3302, 58.0173, 0.0059, -0.3819, 0.9242
-20.0, -20.0, 53.0817, 0.0076, -0.5488, 0.8358
-15.0, -20.0, 53.0817, 0.0076, -0.5488, 0.8358
-10.0, -20.0, 53.0817, 0.0076, -0.5488, 0.8358
-5.0, -20.0, 53.0817, 0.0076, -0.5488, 0.8358
0.0, -20.0, 52.3381, 0.0076, -0.5488, 0.8358
5.0, -20.0, 52.3381, 0.0076, -0.5488, 0.8358
10.0, -20.0, 52.3381, 0.0076, -0.5488, 0.8358
15.0, -20.0, 52.3381, 0.0076, -0.5488, 0.8358
20.0, -20.0, 52.3381, 0.0076, -0.5488, 0.8358
20.0, -20.0, 52.3381, 0.0076, -0.5488, 0.8358
20.0, -20.0, 53.106, 0.0076, -0.5488, 0.8358
20.0, -15.5182, 58.4997, 0.0006, -0.3909, 0.9204
20.0, -13.3838, 59.6949, 0.0006, -0.231, 0.973
20.0, -11.7679, 59.9917, 0.0005, -0.1264, 0.992
20.0, 12.6143, 59.9326, -0.0057, 0.1505, 0.9886
20.0, 15.5345, 58.5415, -0.0061, 0.3694, 0.9292
20.0, 20.0, 53.8218, -0.0076, 0.5488, 0.8358
15.0, 20.0, 53.8218, -0.0076, 0.5488, 0.8358
10.0, 20.0, 53.8218, -0.0076, 0.5488, 0.8358
5.0, 20.0, 53.8218, -0.0076, 0.5488, 0.8358
0.0, 20.0, 53.106, -0.0076, 0.5488, 0.8358
-5.0, 20.0, 53.106, -0.0076, 0.5488, 0.8358
-10.0, 20.0, 53.106, -0.0076, 0.5488, 0.8358
-15.0, 20.0, 53.106, -0.0076, 0.5488, 0.8358
-20.0, 20.0, 53.106, -0.0076, 0.5488, 0.8358
-20.0, 20.0, 53.106, -0.0076, 0.5488, 0.8358
-20.0, 15.5182, 58.4997, -0.0006, 0.3909, 0.9204
-20.0, 13.3838, 59.6949, -0.0006, 0.231, 0.973
-20.0, 11.7679, 59.9917, -0.0005, 0.1264, 0.992
-20.0, -12.6143, 59.9326, 0.0057, -0.1505, 0.9886
-20.0, -15.5345, 58.5415, 0.0061, -0.3694, 0.9292
-20.0, -20.0, 53.8218, 0.0076, -0.5488, 0.8358
-15.0, -20.0, 53.8218, 0.0076, -0.5488, 0.8358
-10.0, -20.0, 53.8218, 0.0076, -0.5488, 0.8358
-5.0, -20.0, 53.8218, 0.0076, -0.5488, 0.8358
0.0, -20.0, 53.106, 0.0076, -0.5488, 0.8358
5.0, -20.0, 53.106, 0.0076, -0.5488, 0.8358
10.0, -20.0, 53.106, 0.0076, -0.5488, 0.8358
15.0, -20.0, 53.106, 0.0076, -0.5488, 0.8358
20.0, -20.0, 53.106, 0.0076, -0.5488, 0.8358
20.0, -20.0, 53.106, 0.0076, -0.5488, 0.8358
20.0, -20.0, 53.8739, 0.0076, -0.5488, 0.8358
20.0, -15.7219, 59.0225, 0.0006, -0.381, 0.9246
20.0, -13.6845, 60.1633, 0.0006, -0.2279, 0.9737
20.0, -12.1421, 60.4466, 0.0006, -0.1277, 0.9918
20.0, 12.9522, 60.3931, -0.006, 0.1485, 0.9889
20.0, 15.7388, 59.0657, -0.0063, 0.3582, 0.9336
20.0, 20.0, 54.5619, -0.0076, 0.5488, 0.8358
15.0, 20.0, 54.5619, -0.0076, 0.5488, 0.8358
10.0, 20.0, 54.5619, -0.0076, 0.5488, 0.8358
5.0, 20.0, 54.5619, -0.0076, 0.5488, 0.8358
0.0, 20.0, 53.8739, -0.0076, 0.5488, 0.8358
-5.0, 20.0, 53.8739, -0.0076, 0.5488, 0.8358
-10.0, 20.0, 53.8739, -0.0076, 0.5488, 0.8358
-15.0, 20.0, 53.8739, -0.0076, 0.5488, 0.8358
-20.0, 20.0, 53.8739, -0.0076, 0.5488, 0.8358
-20.0, 20.0, 53.8739, -0.0076, 0.5488, 0.8358
-20.0, 15.7219, 59.0225, -0.0006, 0.381, 0.9246
-20.0, 13.6845, 60.1633, -0.0006, 0.2279, 0.9737
-20.0, 12.1421, 60.4466, -0.0006, 0.1277, 0.9918
-20.0, -12.9522, 60.3931, 0.006, -0.1485, 0.9889
-20.0, -15.7388, 59.0657, 0.0063, -0.3582, 0.9336
-20.0, -20.0, 54.5619, 0.0076, -0.5488, 0.8358
-15.0, -20.0, 54.5619, 0.0076, -0.5488, 0.8358
-10.0, -20.0, 54.5619, 0.0076, -0.5488, 0.8358
-5.0, -20.0, 54.5619, 0.0076, -0.5488, 0.8358
0.0, -20.0, 53.8739, 0.0076, -0.5488, 0.8358
5.0, -20.0, 53.8739, 0.0076, -0.5488, 0.8358
10.0, -20.0, 53.8739, 0.0076, -0.5488, 0.8358
15.0, -20.0, 53.8739, 0.0076, -0.5488, 0.8358
20.0, -20.0, 53.8739, 0.0076, -0.5488, 0.8358
20.0, -20.0, 53.8739, 0.0076, -0.5488, 0.8358
20.0, -20.0, 54.6418, 0.0076, -0.5488, 0.8358
20.0, -15.9256, 59.5452, 0.0006, -0.3711, 0.9286
20.0, -12.5163, 60.9016, 0.0006, -0.1291, 0.9916
20.0, 13.29, 60.8537, -0.0062, 0.1465, 0.9892
20.0, 15.943, 59.5898, -0.0066, 0.3469, 0.9379
20.0, 20.0, 55.3019, -0.0076, 0.5488, 0.8358
15.0, 20.0, 55.3019, -0.0076, 0.5488, 0.8358
10.0, 20.0, 55.3019, -0.0076, 0.5488, 0.8358
5.0, 20.0, 55.3019, -0.0076, 0.5488, 0.8358
0.0, 20.0, 54.6418, -0.0076, 0.5488, 0.8358
-5.0, 20.0, 54.6418, -0.0076, 0.5488, 0.8358
-10.0, 20.0, 54.6418, -0.0076, 0.5488, 0.8358
-15.0, 20.0, 54.6418, -0.0076, 0.5488, 0.8358
-20.0, 20.0, 54.6418, -0.0076, 0.5488, 0.8358
-20.0, 20.0, 54.6418, -0.0076, 0.5488, 0.8358
-20.0, 15.9257, 59.5452, -0.0006, 0.3711, 0.9286
-20.0, 12.5163, 60.9016, -0.0006, 0.1291, 0.9916
-20.0, -13.29, 60.8537, 0.0062, -0.1465, 0.9892
-20.0, -15.943, 59.5898, 0.0066, -0.3469, 0.9379
-20.0, -20.0, 55.3019, 0.0076, -0.5488, 0.8358
-15.0, -20.0, 55.3019, 0.0076, -0.5488, 0.8358
-10.0, -20.0, 55.3019, 0.0076, -0.5488, 0.8358
-5.0, -20.0, 55.3019, 0.0076, -0.5488, 0.8358
0.0, -20.0, 54.6418, 0.0076, -0.5488, 0.8358
5.0, -20.0, 54.6418, 0.0076, -0.5488, 0.8358
10.0, -20.0, 54.6418, 0.0076, -0.5488, 0.8358
15.0, -20.0, 54.6418, 0.0076, -0.5488, 0.8358
20.0, -20.0, 54.6418, 0.0076, -0.5488, 0.8358
20.0, -20.0, 54.6418, 0.0076, -0.5488, 0.8358
20.0, -20.0, 55.4097, 0.0076, -0.5488, 0.8358
20.0, -16.1294, 60.068, 0.0006, -0.3611, 0.9325
20.0, -12.8904, 61.3565, 0.0006, -0.1304, 0.9915
20.0, 13.6279, 61.3142, -0.0064, 0.1444, 0.9895
20.0, 16.1473, 60.114, -0.0068, 0.3355, 0.942
20.0, 20.0, 56.042, -0.0076, 0.5488, 0.8358
15.0, 20.0, 56.042, -0.0076, 0.5488, 0.8358
10.0, 20.0, 56.042, -0.0076, 0.5488, 0.8358
5.0, 20.0, 56.042, -0.0076, 0.5488, 0.8358
0.0, 20.0, 55.4097, -0.0076, 0.5488, 0.8358
-5.0, 20.0, 55.4097, -0.0076, 0.5488, 0.8358
-10.0, 20.0, 55.4097, -0.0076, 0.5488, 0.8358
-15.0, 20.0, 55.4097, -0.0076, 0.5488, 0.8358
-20.0, 20.0, 55.4097, -0.0076, 0.5488, 0.8358
-20.0, 20.0, 55.4097, -0.0076, 0.5488, 0.8358
-20.0, 16.1294, 60.068, -0.0006, 0.3611, 0.9325
-20.0, 12.8904, 61.3565, -0.0006, 0.1304, 0.9915
-20.0, -13.6279, 61.3142, 0.0064, -0.1444, 0.9895
-20.0, -16.1473, 60.114, 0.0068, -0.3355, 0.942
-20.0, -20.0, 56.042, 0.0076, -0.5488, 0.8358
-15.0, -20.0, 56.042, 0.0076, -0.5488, 0.8358
-10.0, -20.0, 56.042, 0.0076, -0.5488, 0.8358
-5.0, -20.0, 56.042, 0.0076, -0.5488, 0.8358
0.0, -20.0, 55.4097, 0.0076, -0.5488, 0.8358
5.0, -20.0, 55.4097, 0.0076, -0.5488, 0.8358
10.0, -20.0, 55.4097, 0.0076, -0.5488, 0.8358
15.0, -20.0, 55.4097, 0.0076, -0.5488, 0.8358
20.0, -20.0, 55.4097, 0.0076, -0.5488, 0.8358
20.0, -20.0, 55.4097, 0.0076, -0.5488, 0.8358
20.0, -20.0, 56.1776, 0.0076, -0.5488, 0.8358
20.0, -16.3331, 60.5907, 0.0007, -0.351, 0.9364
20.0, -13.2646, 61.8114, 0.0006, -0.1318, 0.9913
20.0, 13.9658, 61.7748, -0.0067, 0.1424, 0.9898
20.0, 16.3516, 60.6382, -0.007, 0.324, 0.946
20.0, 20.0, 56.7821, -0.0076, 0.5488, 0.8358
15.0, 20.0, 56.7821, -0.0076, 0.5488, 0.8358
10.0, 20.0, 56.7821, -0.0076, 0.5488, 0.8358
5.0, 20.0, 56.7821, -0.0076, 0.5488, 0.8358
0.0, 20.0, 56.1776, -0.0076, 0.5488, 0.8358
-5.0, 20.0, 56.1776, -0.0076, 0.5488, 0.8358
-10.0, 20.0, 56.1776, -0.0076, 0.5488, 0.8358
-15.0, 20.0, 56.1776, -0.0076, 0.5488, 0.8358
-20.0, 20.0, 56.1776, -0.0076, 0.5488, 0.8358
-20.0, 20.0, 56.1776, -0.0076, 0.5488, 0.8358
-20.0, 16.3331, 60.5907, -0.0007, 0.351, 0.9364
-20.0, 13.2646, 61.8114, -0.0006, 0.1318, 0.9913
-20.0, -13.9658, 61.7748, 0.0067, -0.1424, 0.9898
-20.0, -16.3516, 60.6382, 0.007, -0.324, 0.946
-20.0, -20.0, 56.7821, 0.0076, -0.5488, 0.8358
-15.0, -20.0, 56.7821, 0.0076, -0.5488, 0.8358
-10.0, -20.0, 56.7821, 0.0076, -0.5488, 0.8358
-5.0, -20.0, 56.7821, 0.0076, -0.5488, 0.8358
0.0, -20.0, 56.1776, 0.0076, -0.5488, 0.8358
5.0, -20.0, 56.1776, 0.0076, -0.5488, 0.8358
10.0, -20.0, 56.1776, 0.0076, -0.5488, 0.8358
15.0, -20.0, 56.1776, 0.0076, -0.5488, 0.8358
20.0, -20.0, 56.1776, 0.0076, -0.5488, 0.8358
20.0, -20.0, 56.1776, 0.0076, -0.5488, 0.8358
20.0, -20.0, 56.9455, 0.0076, -0.5488, 0.8358
20.0, -16.5368, 61.1134, 0.0007, -0.3408, 0.9401
20.0, -13.6388, 62.2663, 0.0006, -0.1332, 0.9911
20.0, 14.3036, 62.2353, -0.0069, 0.1403, 0.9901
20.0, 16.5559, 61.1624, -0.0073, 0.3123, 0.9499
20.0, 20.0, 57.5222, -0.0076, 0.5488, 0.8358
15.0, 20.0, 57.5222, -0.0076, 0.5488, 0.8358
10.0, 20.0, 57.5222, -0.0076, 0.5488, 0.8358
5.0, 20.0, 57.5222, -0.0076, 0.5488, 0.8358
0.0, 20.0, 56.9455, -0.0076, 0.5488, 0.8358
-5.0, 20.0, 56.9455, -0.0076, 0.5488, 0.8358
-10.0, 20.0, 56.9455, -0.0076, 0.5488, 0.8358
-15.0, 20.0, 56.9455, -0.0076, 0.5488, 0.8358
-20.0, 20.0, 56.9455, -0.0076, 0.5488, 0.8358
-20.0, 20.0, 56.9455, -0.0076, 0.5488, 0.8358
-20.0, 16.5368, 61.1134, -0.0007, 0.3408, 0.9401
-20.0, 13.6388, 62.2663, -0.0006, 0.1332, 0.9911
-20.0, -14.3036, 62.2353, 0.0069, -0.1403, 0.9901
-20.0, -16.5559, 61.1624, 0.0073, -0.3123, 0.9499
-20.0, -20.0, 57.5222, 0.0076, -0.5488, 0.8358
-15.0, -20.0, 57.5222, 0.0076, -0.5488, 0.8358
-10.0, -20.0, 57.5222, 0.0076, -0.5488, 0.8358
-5.0, -20.0, 57.5222, 0.0076, -0.5488, 0.8358
0.0, -20.0, 56.9455, 0.0076, -0.5488, 0.8358
5.0, -20.0, 56.9455, 0.0076, -0.5488, 0.8358
10.0, -20.0, 56.9455, 0.0076, -0.5488, 0.8358
15.0, -20.0, 56.9455, 0.0076, -0.5488, 0.8358
20.0, -20.0, 56.9455, 0.0076, -0.5488, 0.8358
20.0, -20.0, 56.9455, 0.0076, -0.5488, 0.8358
20.0, -20.0, 57.7134, 0.0076, -0.5488, 0.8358
20.0, -16.7405, 61.6362, 0.0007, -0.3306, 0.9438
20.0, -14.013, 62.7212, 0.0007, -0.1346, 0.9909
20.0, 14.6415, 62.6959, -0.0071, 0.1382, 0.9904
20.0, 16.7602, 61.6866, -0.0075, 0.3005, 0.9537
20.0, 20.0, 58.2623, -0.0076, 0.5488, 0.8358
15.0, 20.0, 58.2623, -0.0076, 0.5488, 0.8358
10.0, 20.0, 58.2623, -0.0076, 0.5488, 0.8358
5.0, 20.0, 58.2623, -0.0076, 0.5488, 0.8358
0.0, 20.0, 57.7134, -0.0076, 0.5488, 0.8358
-5.0, 20.0, 57.7134, -0.0076, 0.5488, 0.8358
-10.0, 20.0, 57.7134, -0.0076, 0.5488, 0.8358
-15.0, 20.0, 57.7134, -0.0076, 0.5488, 0.8358
-20.0, 20.0, 57.7134, -0.0076, 0.5488, 0.8358
-20.0, 20.0, 57.7134, -0.0076, 0.5488, 0.8358
-20.0, 16.7405, 61.6362, -0.0007, 0.3306, 0.9438
-20.0, 14.013, 62.7212, -0.0007, 0.1346, 0.9909
-20.0, -14.6415, 62.6959, 0.0071, -0.1382, 0.9904
-20.0, -16.7602, 61.6866, 0.0075, -0.3005, 0.9537
-20.0, -20.0, 58.2623, 0.0076, -0.5488, 0.8358
-15.0, -20.0, 58.2623, 0.0076, -0.5488, 0.8358
-10.0, -20.0, 58.2623, 0.0076, -0.5488, 0.8358
-5.0, -20.0, 58.2623, 0.0076, -0.5488, 0.8358
0.0, -20.0, 57.7134, 0.0076, -0.5488, 0.8358
5.0, -20.0, 57.7134, 0.0076, -0.5488, 0.8358
10.0, -20.0, 57.7134, 0.0076, -0.5488, 0.8358
15.0, -20.0, 57.7134, 0.0076, -0.5488, 0.8358
20.0, -20.0, 57.7134, 0.0076, -0.5488, 0.8358
20.0, -20.0, 57.7134, 0.0076, -0.5488, 0.8358
20.0, -20.0, 58.4814, 0.0076, -0.5488, 0.8358
20.0, -16.9442, 62.1589, 0.0007, -0.3202, 0.9473
20.0, -14.3872, 63.1762, 0.0007, -0.136, 0.9907
20.0, 14.9794, 63.1564, -0.0074, 0.1361, 0.9907
20.0, 16.9644, 62.2107, -0.0077, 0.2887, 0.9574
20.0, 20.0, 59.0024, -0.0076, 0.5488, 0.8358
15.0, 20.0, 59.0024, -0.0076, 0.5488, 0.8358
10.0, 20.0, 59.0024, -0.0076, 0.5488, 0.8358
5.0, 20.0, 59.0024, -0.0076, 0.5488, 0.8358
0.0, 20.0, 58.4814, -0.0076, 0.5488, 0.8358
-5.0, 20.0, 58.4814, -0.0076, 0.5488, 0.8358
-10.0, 20.0, 58.4814, -0.0076, 0.5488, 0.8358
-15.0, 20.0, 58.4814, -0.0076, 0.5488, 0.8358
-20.0, 20.0, 58.4814, -0.0076, 0.5488, 0.8358
-20.0, 20.0, 58.4814, -0.0076, 0.5488, 0.8358
-20.0, 16.9442, 62.1589, -0.0007, 0.3202, 0.9473
-20.0, 14.3872, 63.1762, -0.0007, 0.136, 0.9907
-20.0, -14.9794, 63.1564, 0.0074, -0.1361, 0.9907
-20.0, -16.9644, 62.2107, 0.0077, -0.2887, 0.9574
-20.0, -20.0, 59.0024, 0.0076, -0.5488, 0.8358
-15.0, -20.0, 59.0024, 0.0076, -0.5488, 0.8358
-10.0, -20.0, 59.0024, 0.0076, -0.5488, 0.8358
-5.0, -20.0, 59.0024, 0.0076, -0.5488, 0.8358
0.0, -20.0, 58.4814, 0.0076, -0.5488, 0.8358
5.0, -20.0, 58.4814, 0.0076, -0.5488, 0.8358
10.0, -20.0, 58.4814, 0.0076, -0.5488, 0.8358
15.0, -20.0, 58.4814, 0.0076, -0.5488, 0.8358
20.0, -20.0, 58.4814, 0.0076, -0.5488, 0.8358
20.0, -20.0, 58.4814, 0.0076, -0.5488, 0.8358
20.0, -20.0, 59.2493, 0.0076, -0.5488, 0.8358
20.0, -17.148, 62.6817, 0.0008, -0.3098, 0.9508
20.0, -14.7614, 63.6311, 0.0007, -0.1374, 0.9905
20.0, 14.7995, 63.6774, -0.0075, 0.1018, 0.9948
20.0, 17.1687, 62.7349, -0.008, 0.2767, 0.9609
20.0, 20.0, 59.7425, -0.0076, 0.5488, 0.8358
15.0, 20.0, 59.7425, -0.0076, 0.5488, 0.8358
10.0, 20.0, 59.7425, -0.0076, 0.5488, 0.8358
5.0, 20.0, 59.7425, -0.0076, 0.5488, 0.8358
0.0, 20.0, 59.2493, -0.0076, 0.5488, 0.8358
-5.0, 20.0, 59.2493, -0.0076, 0.5488, 0.8358
-10.0, 20.0, 59.2493, -0.0076, 0.5488, 0.8358
-15.0, 20.0, 59.2493, -0.0076, 0.5488, 0.8358
-20.0, 20.0, 59.2493, -0.0076, 0.5488, 0.8358
-20.0, 20.0, 59.2493, -0.0076, 0.5488, 0.8358
-20.0, 17.148, 62.6817, -0.0008, 0.3098, 0.9508
-20.0, 14.7614, 63.6311, -0.0007, 0.1374, 0.9905
-20.0, -14.7995, 63.6774, 0.0075, -0.1018, 0.9948
-20.0, -17.1687, 62.7349, 0.008, -0.2767, 0.9609
-20.0, -20.0, 59.7425, 0.0076, -0.5488, 0.8358
-15.0, -20.0, 59.7425, 0.0076, -0.5488, 0.8358
-10.0, -20.0, 59.7425, 0.0076, -0.5488, 0.8358
-5.0, -20.0, 59.7425, 0.0076, -0.5488, 0.8358
0.0, -20.0, 59.2493, 0.0076, -0.5488, 0.8358
5.0, -20.0, 59.2493, 0.0076, -0.5488, 0.8358
10.0, -20.0, 59.2493, 0.0076, -0.5488, 0.8358
15.0, -20.0, 59.2493, 0.0076, -0.5488, 0.8358
20.0, -20.0, 59.2493, 0.0076, -0.5488, 0.8358
20.0, -20.0, 59.2493, 0.0076, -0.5488, 0.8358
20.0, -20.0, 60.0172, 0.0007, -0.7205, 0.6935
20.0, -17.3517, 63.2044, 0.0008, -0.2994, 0.9541
20.0, -15.1356, 64.086, 0.0007, -0.1388, 0.9903
20.0, 15.1747, 64.1336, -0.0077, 0.1018, 0.9948
20.0, 17.373, 63.2591, -0.0082, 0.2646, 0.9643
20.0, 20.0, 60.4826, -0.0079, 0.571, 0.8209
15.0, 20.0, 60.4826, -0.0079, 0.571, 0.8209
10.0, 20.0, 60.4826, -0.0079, 0.571, 0.8209
5.0, 20.0, 60.4826, -0.0079, 0.571, 0.8209
0.0, 20.0, 60.0172, -0.0079, 0.571, 0.8209
-5.0, 20.0, 60.0172, -0.0079, 0.571, 0.8209
-10.0, 20.0, 60.0172, -0.0079, 0.571, 0.8209
-15.0, 20.0, 60.0172, -0.0079, 0.571, 0.8209
-20.0, 20.0, 60.0172, -0.0079, 0.571, 0.8209
-20.0, 20.0, 60.0172, -0.0007, 0.7205, 0.6935
-20.0, 17.3517, 63.2044, -0.0008, 0.2994, 0.9541
-20.0, 15.1356, 64.086, -0.0007, 0.1388, 0.9903
-20.0, -15.1747, 64.1336, 0.0077, -0.1018, 0.9948
-20.0, -17.373, 63.2591, 0.0082, -0.2646, 0.9643
-20.0, -20.0, 60.4826, 0.0079, -0.571, 0.8209
-15.0, -20.0, 60.4826, 0.0079, -0.571, 0.8209
-10.0, -20.0, 60.4826, 0.0079, -0.571, 0.8209
-5.0, -20.0, 60.4826, 0.0079, -0.571, 0.8209
0.0, -20.0, 60.0172, 0.0079, -0.571, 0.8209
5.0, -20.0, 60.0172, 0.0079, -0.571, 0.8209
10.0, -20.0, 60.0172, 0.0079, -0.571, 0.8209
15.0, -20.0, 60.0172, 0.0079, -0.571, 0.8209
20.0, -20.0, 60.0172, 0.0079, -0.571, 0.8209
20.0, -20.0, 60.0172, 0.0007, -0.7205, 0.6935
20.0, -20.0, 60.7851, 0.0008, -0.5274, 0.8496
20.0, -17.5554, 63.7271, 0.0008, -0.2888, 0.9574
20.0, -15.5098, 64.5409, 0.0008, -0.1403, 0.9901
20.0, 15.55, 64.5898, -0.008, 0.1019, 0.9948
20.0, 17.5773, 63.7833, -0.0085, 0.2524, 0.9676
20.0, 20.0, 61.2227, -0.0082, 0.4914, 0.8709
15.0, 20.0, 61.2227, -0.0082, 0.4914, 0.8709
10.0, 20.0, 61.2227, -0.0082, 0.4914, 0.8709
5.0, 20.0, 61.2227, -0.0082, 0.4914, 0.8709
0.0, 20.0, 60.7851, -0.0082, 0.4914, 0.8709
-5.0, 20.0, 60.7851, -0.0082, 0.4914, 0.8709
-10.0, 20.0, 60.7851, -0.0082, 0.4914, 0.8709
-15.0, 20.0, 60.7851, -0.0082, 0.4914, 0.8709
-20.0, 20.0, 60.7851, -0.0082, 0.4914, 0.8709
-20.0, 20.0, 60.7851, -0.0008, 0.5274, 0.8496
-20.0, 17.5554, 63.7271, -0.0008, 0.2888, 0.9574
-20.0, 15.5098, 64.5409, -0.0008, 0.1403, 0.9901
-20.0, -15.5499, 64.5898, 0.008, -0.1019, 0.9948
-20.0, -17.5773, 63.7833, 0.0085, -0.2524, 0.9676
-20.0, -20.0, 61.2227, 0.0082, -0.4914, 0.8709
-15.0, -20.0, 61.2227, 0.0082, -0.4914, 0.8709
-10.0, -20.0, 61.2227, 0.0082, -0.4914, 0.8709
-5.0, -20.0, 61.2227, 0.0082, -0.4914, 0.8709
0.0, -20.0, 60.7851, 0.0082, -0.4914, 0.8709
5.0, -20.0, 60.7851, 0.0082, -0.4914, 0.8709
10.0, -20.0, 60.7851, 0.0082, -0.4914, 0.8709
15.0, -20.0, 60.7851, 0.0082, -0.4914, 0.8709
20.0, -20.0, 60.7851, 0.0082, -0.4914, 0.8709
20.0, -20.0, 60.7851, 0.0008, -0.5274, 0.8496
20.0, -20.0, 61.553, 0.0008, -0.5001, 0.866
20.0, -17.7591, 64.2499, 0.0008, -0.2782, 0.9605
20.0, -15.8839, 64.9959, 0.0008, -0.1417, 0.9899
20.0, 15.9252, 65.046, -0.0082, 0.1019, 0.9948
20.0, 17.7816, 64.3075, -0.0087, 0.2401, 0.9707
20.0, 20.0, 61.9628, -0.0085, 0.462, 0.8868
15.0, 20.0, 61.9628, -0.0085, 0.462, 0.8868
10.0, 20.0, 61.9628, -0.0085, 0.462, 0.8868
5.0, 20.0, 61.9628, -0.0085, 0.462, 0.8868
0.0, 20.0, 61.553, -0.0085, 0.462, 0.8868
-5.0, 20.0, 61.553, -0.0085, 0.462, 0.8868
-10.0, 20.0, 61.553, -0.0085, 0.462, 0.8868
-15.0, 20.0, 61.553, -0.0085, 0.462, 0.8868
-20.0, 20.0, 61.553, -0.0085, 0.462, 0.8868
-20.0, 20.0, 61.553, -0.0008, 0.5001, 0.866
-20.0, 17.7591, 64.2499, -0.0008, 0.2782, 0.9605
-20.0, 15.8839, 64.9959, -0.0008, 0.1417, 0.9899
-20.0, -15.9252, 65.046, 0.0082, -0.1019, 0.9948
-20.0, -17.7816, 64.3075, 0.0087, -0.2401, 0.9707
-20.0, -20.0, 61.9628, 0.0085, -0.462, 0.8868
-15.0, -20.0, 61.9628, 0.0085, -0.462, 0.8868
-10.0, -20.0, 61.9628, 0.0085, -0.462, 0.8868
-5.0, -20.0, 61.9628, 0.0085, -0.462, 0.8868
0.0, -20.0, 61.553, 0.0085, -0.462, 0.8868
5.0, -20.0, 61.553, 0.0085, -0.462, 0.8868
10.0, -20.0, 61.553, 0.0085, -0.462, 0.8868
15.0, -20.0, 61.553, 0.0085, -0.462, 0.8868
20.0, -20.0, 61.553, 0.0085, -0.462, 0.8868
20.0, -20.0, 61.553, 0.0008, -0.5001, 0.866
20.0, -20.0, 62.3209, 0.0008, -0.4719, 0.8817
20.0, -17.9628, 64.7726, 0.0008, -0.2675, 0.9635
20.0, -16.2581, 65.4508, 0.0008, -0.1432, 0.9897
20.0, 16.3004, 65.5022, -0.0085, 0.102, 0.9948
20.0, 17.9858, 64.8317, -0.0089, 0.2278, 0.9737
20.0, 20.0, 62.7028, -0.0088, 0.4317, 0.902
15.0, 20.0, 62.7028, -0.0088, 0.4317, 0.902
10.0, 20.0, 62.7028, -0.0088, 0.4317, 0.902
5.0, 20.0, 62.7028, -0.0088, 0.4317, 0.902
0.0, 20.0, 62.3209, -0.0088, 0.4317, 0.902
-5.0, 20.0, 62.3209, -0.0088, 0.4317, 0.902
-10.0, 20.0, 62.3209, -0.0088, 0.4317, 0.902
-15.0, 20.0, 62.3209, -0.0088, 0.4317, 0.902
-20.0, 20.0, 62.3209, -0.0088, 0.4317, 0.902
-20.0, 20.0, 62.3209, -0.0008, 0.4719, 0.8817
-20.0, 17.9628, 64.7726, -0.0008, 0.2675, 0.9635
-20.0, 16.2581, 65.4508, -0.0008, 0.1432, 0.9897
-20.0, -16.3004, 65.5022, 0.0085, -0.102, 0.9948
-20.0, -17.9858, 64.8317, 0.0089, -0.2278, 0.9737
-20.0, -20.0, 62.7028, 0.0088, -0.4317, 0.902
-15.0, -20.0, 62.7028, 0.0088, -0.4317, 0.902
-10.0, -20.0, 62.7028, 0.0088, -0.4317, 0.902
-5.0, -20.0, 62.7028, 0.0088, -0.4317, 0.902
0.0, -20.0, 62.3209, 0.0088, -0.4317, 0.902
5.0, -20.0, 62.3209, 0.0088, -0.4317, 0.902
10.0, -20.0, 62.3209, 0.0088, -0.4317, 0.902
15.0, -20.0, 62.3209, 0.0088, -0.4317, 0.902
20.0, -20.0, 62.3209, 0.0088, -0.4317, 0.902
20.0, -20.0, 62.3209, 0.0008, -0.4719, 0.8817
20.0, -20.0, 63.0888, 0.0008, -0.4428, 0.8966
20.0, -18.1665, 65.2953, 0.0009, -0.2568, 0.9665
20.0, -16.6323, 65.9057, 0.0008, -0.1446, 0.9895
20.0, 16.6756, 65.9583, -0.0087, 0.102, 0.9947
20.0, 18.1901, 65.3558, -0.0092, 0.2153, 0.9765
20.0, 20.0, 63.4429, -0.0091, 0.4004, 0.9163
15.0, 20.0, 63.4429, -0.0091, 0.4004, 0.9163
10.0, 20.0, 63.4429, -0.0091, 0.4004, 0.9163
5.0, 20.0, 63.4429, -0.0091, 0.4004, 0.9163
0.0, 20.0, 63.0888, -0.0091, 0.4004, 0.9163
-5.0, 20.0, 63.0888, -0.0091, 0.4004, 0.9163
-10.0, 20.0, 63.0888, -0.0091, 0.4004, 0.9163
-15.0, 20.0, 63.0888, -0.0091, 0.4004, 0.9163
-20.0, 20.0, 63.0888, -0.0091, 0.4004, 0.9163
-20.0, 20.0, 63.0888, -0.0008, 0.4428, 0.8966
-20.0, 18.1665, 65.2953, -0.0009, 0.2568, 0.9665
-20.0, 16.6323, 65.9057, -0.0008, 0.1446, 0.9895
-20.0, -16.6756, 65.9583, 0.0087, -0.102, 0.9947
-20.0, -18.1901, 65.3558, 0.0092, -0.2153, 0.9765
-20.0, -20.0, 63.4429, 0.0091, -0.4004, 0.9163
-15.0, -20.0, 63.4429, 0.0091, -0.4004, 0.9163
-10.0, -20.0, 63.4429, 0.0091, -0.4004, 0.9163
-5.0, -20.0, 63.4429, 0.0091, -0.4004, 0.9163
0.0, -20.0, 63.0888, 0.0091, -0.4004, 0.9163
5.0, -20.0, 63.0888, 0.0091, -0.4004, 0.9163
10.0, -20.0, 63.0888, 0.0091, -0.4004, 0.9163
15.0, -20.0, 63.0888, 0.0091, -0.4004, 0.9163
20.0, -20.0, 63.0888, 0.0091, -0.4004, 0.9163
20.0, -20.0, 63.0888, 0.0008, -0.4428, 0.8966
20.0, -20.0, 63.8567, 0.0009, -0.4131, 0.9107
20.0, -18.3703, 65.8181, 0.0009, -0.2461, 0.9693
20.0, -17.0065, 66.3606, 0.0009, -0.1461, 0.9893
20.0, 17.0508, 66.4145, -0.009, 0.1106, 0.9938
20.0, 18.3944, 65.88, -0.0094, 0.2028, 0.9792
20.0, 20.0, 64.183, -0.0094, 0.3684, 0.9296
15.0, 20.0, 64.183, -0.0094, 0.3684, 0.9296
10.0, 20.0, 64.183, -0.0094, 0.3684, 0.9296
5.0, 20.0, 64.183, -0.0094, 0.3684, 0.9296
0.0, 20.0, 63.8567, -0.0094, 0.3684, 0.9296
-5.0, 20.0, 63.8567, -0.0094, 0.3684, 0.9296
-10.0, 20.0, 63.8567, -0.0094, 0.3684, 0.9296
-15.0, 20.0, 63.8567, -0.0094, 0.3684, 0.9296
-20.0, 20.0, 63.8567, -0.0094, 0.3684, 0.9296
-20.0, 20.0, 63.8567, -0.0009, 0.4131, 0.9107
-20.0, 18.3703, 65.8181, -0.0009, 0.2461, 0.9693
-20.0, 17.0065, 66.3606, -0.0009, 0.1461, 0.9893
-20.0, -17.0508, 66.4145, 0.009, -0.1106, 0.9938
-20.0, -18.3944, 65.88, 0.0094, -0.2028, 0.9792
-20.0, -20.0, 64.183, 0.0094, -0.3684, 0.9296
-15.0, -20.0, 64.183, 0.0094, -0.3684, 0.9296
-10.0, -20.0, 64.183, 0.0094, -0.3684, 0.9296
-5.0, -20.0, 64.183, 0.0094, -0.3684, 0.9296
0.0, -20.0, 63.8567, 0.0094, -0.3684, 0.9296
5.0, -20.0, 63.8567, 0.0094, -0.3684, 0.9296
10.0, -20.0, 63.8567, 0.0094, -0.3684, 0.9296
15.0, -20.0, 63.8567, 0.0094, -0.3684, 0.9296
20.0, -20.0, 63.8567, 0.0094, -0.3684, 0.9296
20.0, -20.0, 63.8567, 0.0009, -0.4131, 0.9107
20.0, -20.0, 64.6246, 0.0009, -0.3826, 0.9239
20.0, -18.574, 66.3408, 0.0009, -0.2352, 0.9719
20.0, -17.3807, 66.8155, 0.0009, -0.1565, 0.9877
20.0, 17.4261, 66.8707, -0.0093, 0.1096, 0.9939
20.0, 18.5987, 66.4042, -0.0096, 0.1902, 0.9817
20.0, 20.0, 64.9231, -0.0097, 0.3357, 0.9419
15.0, 20.0, 64.9231, -0.0097, 0.3357, 0.9419
10.0, 20.0, 64.9231, -0.0097, 0.3357, 0.9419
5.0, 20.0, 64.9231, -0.0097, 0.3357, 0.9419
0.0, 20.0, 64.6246, -0.0097, 0.3357, 0.9419
-5.0, 20.0, 64.6246, -0.0097, 0.3357, 0.9419
-10.0, 20.0, 64.6246, -0.0097, 0.3357, 0.9419
-15.0, 20.0, 64.6246, -0.0097, 0.3357, 0.9419
-20.0, 20.0, 64.6246, -0.0097, 0.3357, 0.9419
-20.0, 20.0, 64.6246, -0.0009, 0.3826, 0.9239
-20.0, 18.574, 66.3408, -0.0009, 0.2352, 0.9719
-20.0, 17.3807, 66.8155, -0.0009, 0.1565, 0.9877
-20.0, -17.4261, 66.8707, 0.0093, -0.1096, 0.9939
-20.0, -18.5987, 66.4042, 0.0096, -0.1902, 0.9817
-20.0, -20.0, 64.9231, 0.0097, -0.3357, 0.9419
-15.0, -20.0, 64.9231, 0.0097, -0.3357, 0.9419
-10.0, -20.0, 64.9231, 0.0097, -0.3357, 0.9419
-5.0, -20.0, 64.9231, 0.0097, -0.3357, 0.9419
0.0, -20.0, 64.6246, 0.0097, -0.3357, 0.9419
5.0, -20.0, 64.6246, 0.0097, -0.3357, 0.9419
10.0, -20.0, 64.6246, 0.0097, -0.3357, 0.9419
15.0, -20.0, 64.6246, 0.0097, -0.3357, 0.9419
20.0, -20.0, 64.6246, 0.0097, -0.3357, 0.9419
20.0, -20.0, 64.6246, 0.0009, -0.3826, 0.9239
20.0, -20.0, 65.3925, 0.0009, -0.3467, 0.938
20.0, -18.7777, 66.8636, 0.0009, -0.2244, 0.9745
20.0, -17.7549, 67.2705, 0.0009, -0.1568, 0.9876
20.0, 17.8013, 67.3269, -0.0096, 0.1086, 0.994
20.0, 20.0, 65.6632, -0.0099, 0.2983, 0.9544
15.0, 20.0, 65.6632, -0.0099, 0.2983, 0.9544
10.0, 20.0, 65.6632, -0.0099, 0.2983, 0.9544
5.0, 20.0, 65.6632, -0.0099, 0.2983, 0.9544
0.0, 20.0, 65.3925, -0.0099, 0.2983, 0.9544
-5.0, 20.0, 65.3925, -0.0099, 0.2983, 0.9544
-10.0, 20.0, 65.3925, -0.0099, 0.2983, 0.9544
-15.0, 20.0, 65.3925, -0.0099, 0.2983, 0.9544
-20.0, 20.0, 65.3925, -0.0099, 0.2983, 0.9544
-20.0, 20.0, 65.3925, -0.0009, 0.3467, 0.938
-20.0, 18.7777, 66.8636, -0.0009, 0.2244, 0.9745
-20.0, 17.7549, 67.2705, -0.0009, 0.1568, 0.9876
-20.0, -17.8013, 67.3269, 0.0096, -0.1086, 0.994
-20.0, -20.0, 65.6632, 0.0099, -0.2983, 0.9544
-15.0, -20.0, 65.6632, 0.0099, -0.2983, 0.9544
-10.0, -20.0, 65.6632, 0.0099, -0.2983, 0.9544
-5.0, -20.0, 65.6632, 0.0099, -0.2983, 0.9544
0.0, -20.0, 65.3925, 0.0099, -0.2983, 0.9544
5.0, -20.0, 65.3925, 0.0099, -0.2983, 0.9544
10.0, -20.0, 65.3925, 0.0099, -0.2983, 0.9544
15.0, -20.0, 65.3925, 0.0099, -0.2983, 0.9544
20.0, -20.0, 65.3925, 0.0099, -0.2983, 0.9544
20.0, -20.0, 65.3925, 0.0009, -0.3467, 0.938
20.0, -20.0, 66.1605, 0.0009, -0.3157, 0.9489
20.0, -18.1291, 67.7254, 0.0009, -0.1571, 0.9876
20.0, 18.1765, 67.7831, -0.0098, 0.1075, 0.9942
20.0, 20.0, 66.4033, -0.0101, 0.2651, 0.9642
15.0, 20.0, 66.4033, -0.0101, 0.2651, 0.9642
10.0, 20.0, 66.4033, -0.0101, 0.2651, 0.9642
5.0, 20.0, 66.4033, -0.0101, 0.2651, 0.9642
0.0, 20.0, 66.1605, -0.0101, 0.2651, 0.9642
-5.0, 20.0, 66.1605, -0.0101, 0.2651, 0.9642
-10.0, 20.0, 66.1605, -0.0101, 0.2651, 0.9642
-15.0, 20.0, 66.1605, -0.0101, 0.2651, 0.9642
-20.0, 20.0, 66.1605, -0.0101, 0.2651, 0.9642
-20.0, 20.0, 66.1605, -0.0009, 0.3157, 0.9489
-20.0, 18.1291, 67.7254, -0.0009, 0.1571, 0.9876
-20.0, -18.1765, 67.7831, 0.0098, -0.1075, 0.9942
-20.0, -20.0, 66.4033, 0.0101, -0.2651, 0.9642
-15.0, -20.0, 66.4033, 0.0101, -0.2651, 0.9642
-10.0, -20.0, 66.4033, 0.0101, -0.2651, 0.9642
-5.0, -20.0, 66.4033, 0.0101, -0.2651, 0.9642
0.0, -20.0, 66.1605, 0.0101, -0.2651, 0.9642
5.0, -20.0, 66.1605, 0.0101, -0.2651, 0.9642
10.0, -20.0, 66.1605, 0.0101, -0.2651, 0.9642
15.0, -20.0, 66.1605, 0.0101, -0.2651, 0.9642
20.0, -20.0, 66.1605, 0.0101, -0.2651, 0.9642
20.0, -20.0, 66.1605, 0.0009, -0.3157, 0.9489
20.0, -20.0, 66.9284, 0.001, -0.2844, 0.9587
20.0, -18.5032, 68.1803, 0.001, -0.1573, 0.9875
20.0, 18.5517, 68.2392, -0.0101, 0.1065, 0.9943
20.0, 20.0, 67.1434, -0.0104, 0.2316, 0.9728
15.0, 20.0, 67.1434, -0.0104, 0.2316, 0.9728
10.0, 20.0, 67.1434, -0.0104, 0.2316, 0.9728
5.0, 20.0, 67.1434, -0.0104, 0.2316, 0.9728
0.0, 20.0, 66.9284, -0.0104, 0.2316, 0.9728
-5.0, 20.0, 66.9284, -0.0104, 0.2316, 0.9728
-10.0, 20.0, 66.9284, -0.0104, 0.2316, 0.9728
-15.0, 20.0, 66.9284, -0.0104, 0.2316, 0.9728
-20.0, 20.0, 66.9284, -0.0104, 0.2316, 0.9728
-20.0, 20.0, 66.9284, -0.001, 0.2844, 0.9587
-20.0, 18.5033, 68.1803, -0.001, 0.1573, 0.9875
-20.0, -18.5517, 68.2392, 0.0101, -0.1065, 0.9943
-20.0, -20.0, 67.1434, 0.0104, -0.2316, 0.9728
-15.0, -20.0, 67.1434, 0.0104, -0.2316, 0.9728
-10.0, -20.0, 67.1434, 0.0104, -0.2316, 0.9728
-5.0, -20.0, 67.1434, 0.0104, -0.2316, 0.9728
0.0, -20.0, 66.9284, 0.0104, -0.2316, 0.9728
5.0, -20.0, 66.9284, 0.0104, -0.2316, 0.9728
10.0, -20.0, 66.9284, 0.0104, -0.2316, 0.9728
15.0, -20.0, 66.9284, 0.0104, -0.2316, 0.9728
20.0, -20.0, 66.9284, 0.0104, -0.2316, 0.9728
20.0, -20.0, 66.9284, 0.001, -0.2844, 0.9587
20.0, -20.0, 67.6963, 0.001, -0.253, 0.9675
20.0, -18.8774, 68.6352, 0.001, -0.1576, 0.9875
20.0, 18.9269, 68.6954, -0.0104, 0.1055, 0.9944
20.0, 20.0, 67.8835, -0.0106, 0.198, 0.9801
15.0, 20.0, 67.8835, -0.0106, 0.198, 0.9801
10.0, 20.0, 67.8835, -0.0106, 0.198, 0.9801
5.0, 20.0, 67.8835, -0.0106, 0.198, 0.9801
0.0, 20.0, 67.6963, -0.0106, 0.198, 0.9801
-5.0, 20.0, 67.6963, -0.0106, 0.198, 0.9801
-10.0, 20.0, 67.6963, -0.0106, 0.198, 0.9801
-15.0, 20.0, 67.6963, -0.0106, 0.198, 0.9801
-20.0, 20.0, 67.6963, -0.0106, 0.198, 0.9801
-20.0, 20.0, 67.6963, -0.001, 0.253, 0.9675
-20.0, 18.8774, 68.6352, -0.001, 0.1576, 0.9875
-20.0, -18.9269, 68.6954, 0.0104, -0.1055, 0.9944
-20.0, -20.0, 67.8835, 0.0106, -0.198, 0.9801
-15.0, -20.0, 67.8835, 0.0106, -0.198, 0.9801
-10.0, -20.0, 67.8835, 0.0106, -0.198, 0.9801
-5.0, -20.0, 67.8835, 0.0106, -0.198, 0.9801
0.0, -20.0, 67.6963, 0.0106, -0.198, 0.9801
5.0, -20.0, 67.6963, 0.0106, -0.198, 0.9801
10.0, -20.0, 67.6963, 0.0106, -0.198, 0.9801
15.0, -20.0, 67.6963, 0.0106, -0.198, 0.9801
20.0, -20.0, 67.6963, 0.0106, -0.198, 0.9801
20.0, -20.0, 67.6963, 0.001, -0.253, 0.9675
20.0, -20.0, 68.4642, 0.0016, -0.1573, 0.9875
20.0, -19.2516, 69.0902, 0.001, -0.1579, 0.9875
20.0, 19.3022, 69.1516, -0.0107, 0.1044, 0.9945
20.0, 20.0, 68.6236, -0.0108, 0.1644, 0.9863
15.0, 20.0, 68.6236, -0.0108, 0.1644, 0.9863
10.0, 20.0, 68.6236, -0.0108, 0.1644, 0.9863
5.0, 20.0, 68.6236, -0.0108, 0.1644, 0.9863
0.0, 20.0, 68.4642, -0.0108, 0.1644, 0.9863
-5.0, 20.0, 68.4642, -0.0108, 0.1644, 0.9863
-10.0, 20.0, 68.4642, -0.0108, 0.1644, 0.9863
-15.0, 20.0, 68.4642, -0.0108, 0.1644, 0.9863
-20.0, 20.0, 68.4642, -0.0108, 0.1644, 0.9863
-20.0, 20.0, 68.4642, -0.0016, 0.1573, 0.9875
-20.0, 19.2516, 69.0902, -0.001, 0.1579, 0.9875
-20.0, -19.3022, 69.1516, 0.0107, -0.1044, 0.9945
-20.0, -20.0, 68.6236, 0.0108, -0.1644, 0.9863
-15.0, -20.0, 68.6236, 0.0108, -0.1644, 0.9863
-10.0, -20.0, 68.6236, 0.0108, -0.1644, 0.9863
-5.0, -20.0, 68.6236, 0.0108, -0.1644, 0.9863
0.0, -20.0, 68.4642, 0.0108, -0.1644, 0.9863
5.0, -20.0, 68.4642, 0.0108, -0.1644, 0.9863
10.0, -20.0, 68.4642, 0.0108, -0.1644, 0.9863
15.0, -20.0, 68.4642, 0.0108, -0.1644, 0.9863
20.0, -20.0, 68.4642, 0.0108, -0.1644, 0.9863
20.0, -20.0, 68.4642, 0.0016, -0.1573, 0.9875
20.0, -20.0, 69.2321, 0.0013, -0.1579, 0.9875
20.0, -19.6258, 69.5451, 0.0012, -0.1582, 0.9874
20.0, 20.0, 69.3636, -0.011, 0.131, 0.9913
15.0, 20.0, 69.3636, -0.011, 0.131, 0.9913
10.0, 20.0, 69.3636, -0.011, 0.131, 0.9913
5.0, 20.0, 69.3636, -0.011, 0.131, 0.9913
0.0, 20.0, 69.2321, -0.011, 0.131, 0.9913
-5.0, 20.0, 69.2321, -0.011, 0.131, 0.9913
-10.0, 20.0, 69.2321, -0.011, 0.131, 0.9913
-15.0, 20.0, 69.2321, -0.011, 0.131, 0.9913
-20.0, 20.0, 69.2321, -0.011, 0.131, 0.9913
-20.0, 20.0, 69.2321, -0.0013, 0.1579, 0.9875
-20.0, 19.6258, 69.5451, -0.0012, 0.1582, 0.9874
-20.0, -20.0, 69.3636, 0.011, -0.131, 0.9913
-15.0, -20.0, 69.3636, 0.011, -0.131, 0.9913
-10.0, -20.0, 69.3636, 0.011, -0.131, 0.9913
-5.0, -20.0, 69.3636, 0.011, -0.131, 0.9913
0.0, -20.0, 69.2321, 0.011, -0.131, 0.9913
5.0, -20.0, 69.2321, 0.011, -0.131, 0.9913
10.0, -20.0, 69.2321, 0.011, -0.131, 0.9913
15.0, -20.0, 69.2321, 0.011, -0.131, 0.9913
20.0, -20.0, 69.2321, 0.011, -0.131, 0.9913
