49.416, 67.405, 0.3
44.751, 77.537, 0.3
44.760, 76.856, 0.3
44.813, 75.868, 0.3
44.946, 74.887, 0.3
45.157, 73.920, 0.3
45.446, 72.973, 0.3
45.810, 72.053, 0.3
46.248, 71.165, 0.3
46.755, 70.316, 0.3
47.330, 69.510, 0.3
47.968, 68.753, 0.3
48.664, 68.050, 0.3
49.416, 67.405, 0.3
50.216, 66.824, 0.3
51.061, 66.309, 0.3
51.945, 65.864, 0.3
52.862, 65.491, 0.3
53.807, 65.194, 0.3
54.772, 64.974, 0.3
55.751, 64.833, 0.3
56.666, 64.773, 0.3
57.330, 64.759, 0.3
156.470, 64.761, 0.3
157.167, 64.771, 0.3
158.155, 64.825, 0.3
159.136, 64.959, 0.3
160.102, 65.172, 0.3
161.049, 65.462, 0.3
161.969, 65.827, 0.3
162.856, 66.265, 0.3
163.705, 66.774, 0.3
164.510, 67.349, 0.3
165.266, 67.988, 0.3
165.969, 68.685, 0.3
166.612, 69.437, 0.3
167.193, 70.239, 0.3
167.707, 71.085, 0.3
168.151, 71.969, 0.3
168.523, 72.886, 0.3
168.819, 73.831, 0.3
169.037, 74.796, 0.3
169.178, 75.776, 0.3
169.236, 76.676, 0.3
169.250, 77.340, 0.3
169.249, 136.406, 0.3
169.240, 137.133, 0.3
169.188, 138.121, 0.3
169.056, 139.102, 0.3
168.845, 140.069, 0.3
168.557, 141.016, 0.3
168.194, 141.937, 0.3
167.757, 142.825, 0.3
167.250, 143.675, 0.3
166.677, 144.481, 0.3
166.039, 145.239, 0.3
165.343, 145.942, 0.3
164.593, 146.587, 0.3
163.792, 147.170, 0.3
162.947, 147.685, 0.3
162.064, 148.131, 0.3
161.147, 148.504, 0.3
160.203, 148.802, 0.3
159.239, 149.023, 0.3
158.259, 149.165, 0.3
157.334, 149.226, 0.3
156.670, 149.240, 0.3
57.549, 149.239, 0.3
56.851, 149.230, 0.3
55.863, 149.177, 0.3
54.882, 149.045, 0.3
53.915, 148.834, 0.3
52.968, 148.545, 0.3
52.048, 148.181, 0.3
51.160, 147.744, 0.3
50.310, 147.237, 0.3
49.504, 146.663, 0.3
48.747, 146.025, 0.3
48.044, 145.329, 0.3
47.399, 144.578, 0.3
46.817, 143.777, 0.3
46.302, 142.932, 0.3
45.856, 142.048, 0.3
45.483, 141.131, 0.3
45.186, 140.187, 0.3
44.966, 139.222, 0.3
44.824, 138.243, 0.3
44.763, 137.312, 0.3
44.750, 136.648, 0.3
44.751, 77.537, 0.3
46.251, 77.557, 0.3
46.260, 76.876, 0.3
46.312, 75.950, 0.3
46.444, 75.033, 0.3
46.654, 74.130, 0.3
46.942, 73.248, 0.3
47.304, 72.395, 0.3
47.738, 71.576, 0.3
48.242, 70.797, 0.3
48.811, 70.065, 0.3
49.440, 69.384, 0.3
50.126, 68.760, 0.3
50.863, 68.198, 0.3
51.646, 67.701, 0.3
52.469, 67.274, 0.3
53.325, 66.919, 0.3
54.209, 66.639, 0.3
55.114, 66.436, 0.3
56.033, 66.312, 0.3
56.708, 66.272, 0.3
57.330, 66.259, 0.3
156.448, 66.261, 0.3
157.145, 66.271, 0.3
158.071, 66.324, 0.3
158.988, 66.457, 0.3
159.891, 66.669, 0.3
160.772, 66.957, 0.3
161.625, 67.320, 0.3
162.444, 67.756, 0.3
163.222, 68.260, 0.3
163.954, 68.829, 0.3
164.633, 69.460, 0.3
165.256, 70.146, 0.3
165.818, 70.884, 0.3
166.314, 71.668, 0.3
166.740, 72.491, 0.3
167.094, 73.348, 0.3
167.373, 74.232, 0.3
167.575, 75.137, 0.3
167.698, 76.056, 0.3
167.737, 76.718, 0.3
167.750, 77.340, 0.3
167.749, 136.387, 0.3
167.740, 137.114, 0.3
167.689, 138.040, 0.3
167.558, 138.958, 0.3
167.348, 139.861, 0.3
167.061, 140.742, 0.3
166.700, 141.596, 0.3
166.266, 142.416, 0.3
165.763, 143.195, 0.3
165.195, 143.927, 0.3
164.566, 144.608, 0.3
163.881, 145.233, 0.3
163.144, 145.796, 0.3
162.362, 146.293, 0.3
161.539, 146.721, 0.3
160.683, 147.077, 0.3
159.800, 147.358, 0.3
158.895, 147.561, 0.3
157.976, 147.686, 0.3
157.292, 147.727, 0.3
156.670, 147.740, 0.3
57.568, 147.739, 0.3
56.870, 147.730, 0.3
55.945, 147.678, 0.3
55.027, 147.547, 0.3
54.124, 147.337, 0.3
53.242, 147.050, 0.3
52.389, 146.687, 0.3
51.570, 146.253, 0.3
50.791, 145.750, 0.3
50.058, 145.182, 0.3
49.378, 144.552, 0.3
48.754, 143.867, 0.3
48.191, 143.130, 0.3
47.694, 142.347, 0.3
47.266, 141.524, 0.3
46.911, 140.668, 0.3
46.631, 139.784, 0.3
46.428, 138.880, 0.3
46.304, 137.961, 0.3
46.263, 137.271, 0.3
46.250, 136.648, 0.3
46.251, 77.557, 0.3
56.335, 78.523, 0.3
58.514, 78.523, 0.3
60.750, 80.760, 0.3
60.750, 133.240, 0.3
153.250, 133.240, 0.3
153.250, 80.760, 0.3
60.750, 80.760, 0.3
59.250, 79.260, 0.3
59.250, 134.740, 0.3
154.750, 134.740, 0.3
154.750, 79.260, 0.3
59.250, 79.260, 0.3
60.070, 80.079, 0.3
58.570, 78.579, 0.3
57.750, 77.760, 0.3
57.750, 136.240, 0.3
156.250, 136.240, 0.3
156.250, 77.760, 0.3
57.750, 77.760, 0.3
57.750, 78.510, 0.3
60.070, 80.079, 0.3
62.175, 82.185, 0.3
62.175, 131.815, 0.3
151.825, 131.815, 0.3
151.825, 107.000, 0.3
151.825, 82.185, 0.3
62.175, 82.185, 0.3
63.182, 131.064, 0.3
62.924, 130.806, 0.3
62.924, 128.685, 0.3
65.303, 131.064, 0.3
67.424, 131.064, 0.3
62.924, 126.564, 0.3
62.924, 124.443, 0.3
69.546, 131.064, 0.3
71.667, 131.064, 0.3
62.924, 122.321, 0.3
62.924, 120.200, 0.3
73.788, 131.064, 0.3
75.910, 131.064, 0.3
62.924, 118.079, 0.3
62.924, 115.957, 0.3
78.031, 131.064, 0.3
80.152, 131.064, 0.3
62.924, 113.836, 0.3
62.924, 111.715, 0.3
82.273, 131.064, 0.3
84.395, 131.064, 0.3
62.924, 109.593, 0.3
62.924, 107.472, 0.3
86.516, 131.064, 0.3
88.637, 131.064, 0.3
62.924, 105.351, 0.3
62.924, 103.229, 0.3
90.759, 131.064, 0.3
92.880, 131.064, 0.3
62.924, 101.108, 0.3
62.924, 98.987, 0.3
95.001, 131.064, 0.3
97.123, 131.064, 0.3
62.924, 96.865, 0.3
62.924, 94.744, 0.3
99.244, 131.064, 0.3
101.365, 131.064, 0.3
62.924, 92.623, 0.3
62.924, 90.501, 0.3
103.487, 131.064, 0.3
105.608, 131.064, 0.3
62.924, 88.380, 0.3
62.924, 86.259, 0.3
107.729, 131.064, 0.3
109.851, 131.064, 0.3
62.924, 84.137, 0.3
63.843, 82.935, 0.3
111.972, 131.064, 0.3
114.093, 131.064, 0.3
65.964, 82.935, 0.3
68.085, 82.935, 0.3
116.215, 131.064, 0.3
118.336, 131.064, 0.3
70.207, 82.935, 0.3
72.328, 82.935, 0.3
120.457, 131.064, 0.3
122.579, 131.064, 0.3
74.449, 82.935, 0.3
76.571, 82.935, 0.3
124.700, 131.064, 0.3
126.821, 131.064, 0.3
78.692, 82.935, 0.3
80.813, 82.935, 0.3
128.943, 131.064, 0.3
131.064, 131.064, 0.3
82.935, 82.935, 0.3
85.056, 82.935, 0.3
133.185, 131.064, 0.3
135.307, 131.064, 0.3
87.177, 82.935, 0.3
89.299, 82.935, 0.3
137.428, 131.064, 0.3
139.549, 131.064, 0.3
91.420, 82.935, 0.3
93.541, 82.935, 0.3
141.670, 131.064, 0.3
143.792, 131.064, 0.3
95.663, 82.935, 0.3
97.784, 82.935, 0.3
145.913, 131.064, 0.3
148.034, 131.064, 0.3
99.905, 82.935, 0.3
102.027, 82.935, 0.3
150.156, 131.064, 0.3
151.074, 129.861, 0.3
104.148, 82.935, 0.3
106.269, 82.935, 0.3
151.074, 127.740, 0.3
151.074, 125.618, 0.3
108.390, 82.935, 0.3
110.512, 82.935, 0.3
151.074, 123.497, 0.3
151.074, 121.376, 0.3
112.633, 82.935, 0.3
114.754, 82.935, 0.3
151.074, 119.254, 0.3
151.074, 117.133, 0.3
116.876, 82.935, 0.3
118.997, 82.935, 0.3
151.074, 115.012, 0.3
151.074, 112.891, 0.3
121.118, 82.935, 0.3
123.240, 82.935, 0.3
151.074, 110.769, 0.3
151.074, 108.648, 0.3
125.361, 82.935, 0.3
127.482, 82.935, 0.3
151.074, 106.527, 0.3
151.074, 104.405, 0.3
129.604, 82.935, 0.3
131.725, 82.935, 0.3
151.074, 102.284, 0.3
151.074, 100.163, 0.3
133.846, 82.935, 0.3
135.968, 82.935, 0.3
151.074, 98.041, 0.3
151.074, 95.920, 0.3
138.089, 82.935, 0.3
140.210, 82.935, 0.3
151.074, 93.799, 0.3
151.074, 91.677, 0.3
142.332, 82.935, 0.3
144.453, 82.935, 0.3
151.074, 89.556, 0.3
151.074, 87.435, 0.3
146.574, 82.935, 0.3
148.696, 82.935, 0.3
151.074, 85.313, 0.3
151.074, 83.192, 0.3
150.817, 82.935, 0.3
150.817, 82.935, 1.2
60.750, 80.796, 1.2
60.750, 133.204, 1.2
153.250, 133.204, 1.2
153.250, 107.000, 1.2
153.250, 80.796, 1.2
60.750, 80.796, 1.2
59.250, 79.296, 1.2
59.250, 134.704, 1.2
154.750, 134.704, 1.2
154.750, 107.000, 1.2
154.750, 79.296, 1.2
59.250, 79.296, 1.2
60.070, 80.115, 1.2
58.570, 78.615, 1.2
57.750, 77.796, 1.2
57.750, 136.204, 1.2
156.250, 136.204, 1.2
156.250, 107.000, 1.2
156.250, 77.796, 1.2
57.750, 77.796, 1.2
57.750, 78.546, 1.2
60.070, 80.115, 1.2
62.175, 82.221, 1.2
62.175, 131.779, 1.2
151.825, 131.779, 1.2
151.825, 107.000, 1.2
151.825, 82.221, 1.2
62.175, 82.221, 1.2
62.925, 83.445, 1.2
63.400, 82.970, 1.2
65.521, 82.970, 1.2
62.925, 85.566, 1.2
62.925, 87.688, 1.2
67.643, 82.970, 1.2
69.764, 82.970, 1.2
62.925, 89.809, 1.2
62.925, 91.930, 1.2
71.885, 82.970, 1.2
74.007, 82.970, 1.2
62.925, 94.052, 1.2
62.925, 96.173, 1.2
76.128, 82.970, 1.2
78.249, 82.970, 1.2
62.925, 98.294, 1.2
62.925, 100.416, 1.2
80.371, 82.970, 1.2
82.492, 82.970, 1.2
62.925, 102.537, 1.2
62.925, 104.658, 1.2
84.613, 82.970, 1.2
86.735, 82.970, 1.2
62.925, 106.780, 1.2
62.925, 108.901, 1.2
88.856, 82.970, 1.2
90.977, 82.970, 1.2
62.925, 111.022, 1.2
62.925, 113.144, 1.2
93.099, 82.970, 1.2
95.220, 82.970, 1.2
62.925, 115.265, 1.2
62.925, 117.386, 1.2
97.341, 82.970, 1.2
99.463, 82.970, 1.2
62.925, 119.508, 1.2
62.925, 121.629, 1.2
101.584, 82.970, 1.2
103.705, 82.970, 1.2
62.925, 123.750, 1.2
62.925, 125.872, 1.2
105.827, 82.970, 1.2
107.948, 82.970, 1.2
62.925, 127.993, 1.2
62.925, 130.114, 1.2
110.069, 82.970, 1.2
112.190, 82.970, 1.2
64.132, 131.029, 1.2
66.253, 131.029, 1.2
114.312, 82.970, 1.2
116.433, 82.970, 1.2
68.375, 131.029, 1.2
70.496, 131.029, 1.2
118.554, 82.970, 1.2
120.676, 82.970, 1.2
72.617, 131.029, 1.2
74.739, 131.029, 1.2
122.797, 82.970, 1.2
124.918, 82.970, 1.2
76.860, 131.029, 1.2
78.981, 131.029, 1.2
127.040, 82.970, 1.2
129.161, 82.970, 1.2
81.103, 131.029, 1.2
83.224, 131.029, 1.2
131.282, 82.970, 1.2
133.404, 82.970, 1.2
85.345, 131.029, 1.2
87.466, 131.029, 1.2
135.525, 82.970, 1.2
137.646, 82.970, 1.2
89.588, 131.029, 1.2
91.709, 131.029, 1.2
139.768, 82.970, 1.2
141.889, 82.970, 1.2
93.830, 131.029, 1.2
95.952, 131.029, 1.2
144.010, 82.970, 1.2
146.132, 82.970, 1.2
98.073, 131.029, 1.2
100.194, 131.029, 1.2
148.253, 82.970, 1.2
150.374, 82.970, 1.2
102.316, 131.029, 1.2
104.437, 131.029, 1.2
151.074, 84.392, 1.2
151.074, 86.513, 1.2
106.558, 131.029, 1.2
108.680, 131.029, 1.2
151.074, 88.635, 1.2
151.074, 90.756, 1.2
110.801, 131.029, 1.2
112.922, 131.029, 1.2
151.074, 92.877, 1.2
151.074, 94.999, 1.2
115.044, 131.029, 1.2
117.165, 131.029, 1.2
151.074, 97.120, 1.2
151.074, 99.241, 1.2
119.286, 131.029, 1.2
121.408, 131.029, 1.2
151.074, 101.363, 1.2
151.074, 103.484, 1.2
123.529, 131.029, 1.2
125.650, 131.029, 1.2
151.074, 105.605, 1.2
151.074, 107.727, 1.2
127.772, 131.029, 1.2
129.893, 131.029, 1.2
151.074, 109.848, 1.2
151.074, 111.969, 1.2
132.014, 131.029, 1.2
134.136, 131.029, 1.2
151.074, 114.090, 1.2
151.074, 116.212, 1.2
136.257, 131.029, 1.2
138.378, 131.029, 1.2
151.074, 118.333, 1.2
151.074, 120.454, 1.2
140.499, 131.029, 1.2
142.621, 131.029, 1.2
151.074, 122.576, 1.2
151.074, 124.697, 1.2
144.742, 131.029, 1.2
146.863, 131.029, 1.2
151.074, 126.818, 1.2
151.074, 128.940, 1.2
148.985, 131.029, 1.2
148.985, 131.029, 2.1
60.750, 80.851, 2.1
60.750, 133.149, 2.1
153.250, 133.149, 2.1
153.250, 107.000, 2.1
153.250, 80.851, 2.1
60.750, 80.851, 2.1
59.250, 79.351, 2.1
59.250, 134.649, 2.1
154.750, 134.649, 2.1
154.750, 107.000, 2.1
154.750, 79.351, 2.1
59.250, 79.351, 2.1
60.070, 80.170, 2.1
58.570, 78.670, 2.1
57.750, 77.851, 2.1
57.750, 136.149, 2.1
156.250, 136.149, 2.1
156.250, 107.000, 2.1
156.250, 77.851, 2.1
57.750, 77.851, 2.1
57.750, 78.601, 2.1
60.070, 80.170, 2.1
62.175, 82.276, 2.1
62.175, 131.724, 2.1
151.825, 131.724, 2.1
151.825, 107.000, 2.1
151.825, 82.276, 2.1
62.175, 82.276, 2.1
65.212, 130.973, 2.1
62.924, 128.685, 2.1
62.924, 126.564, 2.1
67.333, 130.973, 2.1
69.454, 130.973, 2.1
62.924, 124.443, 2.1
62.924, 122.321, 2.1
71.576, 130.973, 2.1
73.697, 130.973, 2.1
62.924, 120.200, 2.1
62.924, 118.079, 2.1
75.818, 130.973, 2.1
77.940, 130.973, 2.1
62.924, 115.957, 2.1
62.924, 113.836, 2.1
80.061, 130.973, 2.1
82.182, 130.973, 2.1
62.924, 111.715, 2.1
62.924, 109.593, 2.1
84.304, 130.973, 2.1
86.425, 130.973, 2.1
62.924, 107.472, 2.1
62.924, 105.351, 2.1
88.546, 130.973, 2.1
90.668, 130.973, 2.1
62.924, 103.229, 2.1
62.924, 101.108, 2.1
92.789, 130.973, 2.1
94.910, 130.973, 2.1
62.924, 98.987, 2.1
62.924, 96.865, 2.1
97.032, 130.973, 2.1
99.153, 130.973, 2.1
62.924, 94.744, 2.1
62.924, 92.623, 2.1
101.274, 130.973, 2.1
103.395, 130.973, 2.1
62.924, 90.501, 2.1
62.924, 88.380, 2.1
105.517, 130.973, 2.1
107.638, 130.973, 2.1
62.924, 86.259, 2.1
62.924, 84.137, 2.1
109.759, 130.973, 2.1
111.881, 130.973, 2.1
63.933, 83.025, 2.1
66.055, 83.025, 2.1
114.002, 130.973, 2.1
116.123, 130.973, 2.1
68.176, 83.025, 2.1
70.297, 83.025, 2.1
118.245, 130.973, 2.1
120.366, 130.973, 2.1
72.419, 83.025, 2.1
74.540, 83.025, 2.1
122.487, 130.973, 2.1
124.609, 130.973, 2.1
76.661, 83.025, 2.1
78.783, 83.025, 2.1
126.730, 130.973, 2.1
128.851, 130.973, 2.1
80.904, 83.025, 2.1
83.025, 83.025, 2.1
130.973, 130.973, 2.1
133.094, 130.973, 2.1
85.146, 83.025, 2.1
87.268, 83.025, 2.1
135.215, 130.973, 2.1
137.337, 130.973, 2.1
89.389, 83.025, 2.1
91.510, 83.025, 2.1
139.458, 130.973, 2.1
141.579, 130.973, 2.1
93.632, 83.025, 2.1
95.753, 83.025, 2.1
143.701, 130.973, 2.1
145.822, 130.973, 2.1
97.874, 83.025, 2.1
99.996, 83.025, 2.1
147.943, 130.973, 2.1
150.065, 130.973, 2.1
102.117, 83.025, 2.1
104.238, 83.025, 2.1
151.074, 129.860, 2.1
151.074, 127.739, 2.1
106.360, 83.025, 2.1
108.482, 83.026, 2.1
151.074, 125.618, 2.1
151.074, 123.496, 2.1
110.603, 83.026, 2.1
112.724, 83.026, 2.1
151.074, 121.375, 2.1
151.074, 119.254, 2.1
114.846, 83.026, 2.1
116.967, 83.026, 2.1
151.074, 117.132, 2.1
151.074, 115.011, 2.1
119.088, 83.026, 2.1
121.210, 83.026, 2.1
151.074, 112.890, 2.1
151.074, 110.768, 2.1
123.331, 83.026, 2.1
125.452, 83.026, 2.1
151.074, 108.647, 2.1
151.074, 106.526, 2.1
127.574, 83.026, 2.1
129.695, 83.026, 2.1
151.074, 104.405, 2.1
151.074, 102.283, 2.1
131.816, 83.026, 2.1
133.938, 83.026, 2.1
151.074, 100.162, 2.1
151.074, 98.041, 2.1
136.059, 83.026, 2.1
138.180, 83.026, 2.1
151.074, 95.919, 2.1
151.074, 93.798, 2.1
140.302, 83.026, 2.1
142.423, 83.026, 2.1
151.074, 91.677, 2.1
151.074, 89.555, 2.1
144.544, 83.026, 2.1
146.665, 83.026, 2.1
151.074, 87.434, 2.1
151.074, 85.313, 2.1
148.787, 83.026, 2.1
148.522, 82.761, 2.1
148.522, 82.761, 3.0
68.104, 82.254, 3.0
62.100, 88.258, 3.0
62.100, 82.255, 3.0
75.176, 82.254, 3.0
62.100, 95.330, 3.0
62.100, 102.401, 3.0
82.247, 82.254, 3.0
89.318, 82.254, 3.0
62.100, 109.472, 3.0
62.100, 116.543, 3.0
96.389, 82.254, 3.0
103.460, 82.254, 3.0
62.100, 123.614, 3.0
62.100, 130.685, 3.0
110.531, 82.254, 3.0
117.602, 82.254, 3.0
68.111, 131.745, 3.0
75.182, 131.745, 3.0
124.673, 82.254, 3.0
131.744, 82.254, 3.0
82.253, 131.745, 3.0
89.324, 131.745, 3.0
138.815, 82.254, 3.0
145.886, 82.254, 3.0
96.395, 131.745, 3.0
103.466, 131.745, 3.0
151.899, 83.312, 3.0
151.899, 90.383, 3.0
110.537, 131.745, 3.0
117.608, 131.745, 3.0
151.899, 97.454, 3.0
151.899, 104.525, 3.0
124.679, 131.745, 3.0
131.750, 131.745, 3.0
151.899, 111.597, 3.0
151.899, 118.668, 3.0
138.822, 131.745, 3.0
151.900, 131.745, 3.0
151.899, 125.739, 3.0
145.893, 131.745, 3.0
145.628, 132.010, 3.0
60.750, 80.905, 3.0
60.750, 133.095, 3.0
153.250, 133.095, 3.0
153.250, 107.000, 3.0
153.250, 80.905, 3.0
60.750, 80.905, 3.0
59.250, 79.405, 3.0
59.250, 134.595, 3.0
154.750, 134.595, 3.0
154.750, 107.000, 3.0
154.750, 79.405, 3.0
59.250, 79.405, 3.0
60.070, 80.224, 3.0
58.570, 78.724, 3.0
57.750, 77.905, 3.0
57.750, 136.095, 3.0
156.250, 136.095, 3.0
156.250, 107.000, 3.0
156.250, 77.905, 3.0
57.750, 77.905, 3.0
57.750, 78.655, 3.0
57.750, 78.655, 3.9
60.070, 80.224, 3.9
62.100, 125.739, 3.9
68.049, 131.689, 3.9
62.100, 131.690, 3.9
62.100, 118.668, 3.9
75.120, 131.689, 3.9
82.191, 131.689, 3.9
62.100, 111.597, 3.9
62.100, 104.526, 3.9
89.263, 131.689, 3.9
96.334, 131.689, 3.9
62.100, 97.455, 3.9
62.100, 90.384, 3.9
103.405, 131.689, 3.9
110.476, 131.689, 3.9
62.100, 83.313, 3.9
62.100, 82.310, 3.9
68.167, 82.310, 3.9
117.547, 131.689, 3.9
124.618, 131.689, 3.9
75.238, 82.310, 3.9
82.310, 82.310, 3.9
131.689, 131.689, 3.9
138.760, 131.689, 3.9
89.381, 82.310, 3.9
96.452, 82.310, 3.9
145.831, 131.689, 3.9
151.900, 131.690, 3.9
151.899, 130.686, 3.9
103.523, 82.310, 3.9
110.594, 82.310, 3.9
151.899, 123.614, 3.9
151.899, 116.543, 3.9
117.665, 82.310, 3.9
124.736, 82.310, 3.9
151.899, 109.472, 3.9
151.899, 102.401, 3.9
131.807, 82.310, 3.9
138.878, 82.310, 3.9
151.899, 95.330, 3.9
151.899, 88.259, 3.9
145.949, 82.310, 3.9
151.900, 82.310, 3.9
152.275, 82.310, 3.9
60.750, 80.960, 3.9
60.750, 133.040, 3.9
153.250, 133.040, 3.9
153.250, 107.000, 3.9
153.250, 80.960, 3.9
60.750, 80.960, 3.9
59.250, 79.460, 3.9
59.250, 134.540, 3.9
154.750, 134.540, 3.9
154.750, 107.000, 3.9
154.750, 79.460, 3.9
59.250, 79.460, 3.9
60.070, 80.279, 3.9
58.570, 78.779, 3.9
57.750, 77.960, 3.9
57.750, 136.040, 3.9
156.250, 136.040, 3.9
156.250, 107.000, 3.9
156.250, 77.960, 3.9
57.750, 77.960, 3.9
57.750, 78.710, 3.9
57.750, 78.710, 4.8
60.070, 80.279, 4.8
67.905, 82.453, 4.8
62.100, 88.258, 4.8
62.100, 82.454, 4.8
74.976, 82.453, 4.8
62.100, 95.330, 4.8
62.100, 102.401, 4.8
82.047, 82.453, 4.8
89.118, 82.453, 4.8
62.100, 109.472, 4.8
62.100, 116.543, 4.8
96.189, 82.453, 4.8
103.260, 82.453, 4.8
62.100, 123.614, 4.8
62.100, 130.685, 4.8
110.331, 82.453, 4.8
117.403, 82.453, 4.8
68.310, 131.545, 4.8
75.381, 131.545, 4.8
124.474, 82.453, 4.8
131.545, 82.453, 4.8
82.452, 131.545, 4.8
89.523, 131.545, 4.8
138.616, 82.453, 4.8
145.687, 82.453, 4.8
96.595, 131.545, 4.8
103.666, 131.545, 4.8
151.899, 83.312, 4.8
151.899, 90.383, 4.8
110.737, 131.545, 4.8
117.808, 131.545, 4.8
151.899, 97.454, 4.8
151.899, 104.525, 4.8
124.879, 131.545, 4.8
131.950, 131.545, 4.8
151.899, 111.597, 4.8
151.899, 118.668, 4.8
139.021, 131.545, 4.8
151.900, 131.546, 4.8
151.899, 125.739, 4.8
146.092, 131.545, 4.8
145.827, 131.810, 4.8
60.750, 81.104, 4.8
60.750, 132.896, 4.8
153.250, 132.896, 4.8
153.250, 107.000, 4.8
153.250, 81.104, 4.8
60.750, 81.104, 4.8
59.250, 79.604, 4.8
59.250, 134.396, 4.8
154.750, 134.396, 4.8
154.750, 107.000, 4.8
154.750, 79.604, 4.8
59.250, 79.604, 4.8
60.070, 80.423, 4.8
58.570, 78.923, 4.8
57.750, 78.104, 4.8
57.750, 135.896, 4.8
156.250, 135.896, 4.8
156.250, 107.000, 4.8
156.250, 78.104, 4.8
57.750, 78.104, 4.8
57.750, 78.854, 4.8
57.750, 78.854, 5.7
60.070, 80.423, 5.7
62.099, 125.739, 5.7
67.740, 131.380, 5.7
62.100, 131.381, 5.7
62.099, 118.668, 5.7
74.811, 131.380, 5.7
81.882, 131.380, 5.7
62.099, 111.597, 5.7
62.099, 104.525, 5.7
88.954, 131.380, 5.7
96.025, 131.380, 5.7
62.099, 97.454, 5.7
62.099, 90.383, 5.7
103.096, 131.380, 5.7
110.167, 131.380, 5.7
62.099, 83.312, 5.7
62.100, 82.619, 5.7
68.476, 82.618, 5.7
117.238, 131.380, 5.7
124.309, 131.380, 5.7
75.547, 82.618, 5.7
82.618, 82.618, 5.7
131.380, 131.380, 5.7
138.451, 131.380, 5.7
89.689, 82.618, 5.7
96.760, 82.618, 5.7
145.522, 131.380, 5.7
151.900, 131.381, 5.7
151.899, 130.686, 5.7
103.831, 82.618, 5.7
110.902, 82.618, 5.7
151.899, 123.614, 5.7
151.899, 116.543, 5.7
117.973, 82.618, 5.7
125.044, 82.618, 5.7
151.899, 109.472, 5.7
151.899, 102.401, 5.7
132.115, 82.618, 5.7
139.186, 82.618, 5.7
151.899, 95.330, 5.7
151.899, 88.259, 5.7
146.257, 82.618, 5.7
151.900, 82.619, 5.7
152.275, 82.619, 5.7
60.750, 81.269, 5.7
60.750, 132.731, 5.7
153.250, 132.731, 5.7
153.250, 107.000, 5.7
153.250, 81.269, 5.7
60.750, 81.269, 5.7
59.250, 79.769, 5.7
59.250, 134.231, 5.7
154.750, 134.231, 5.7
154.750, 107.000, 5.7
154.750, 79.769, 5.7
59.250, 79.769, 5.7
60.070, 80.588, 5.7
58.570, 79.088, 5.7
57.750, 78.269, 5.7
57.750, 135.731, 5.7
156.250, 135.731, 5.7
156.250, 107.000, 5.7
156.250, 78.269, 5.7
57.750, 78.269, 5.7
57.750, 79.019, 5.7
57.750, 79.019, 6.6
60.070, 80.588, 6.6
67.576, 82.783, 6.6
62.100, 88.258, 6.6
62.100, 82.784, 6.6
74.647, 82.783, 6.6
62.100, 95.330, 6.6
62.100, 102.401, 6.6
81.718, 82.783, 6.6
88.789, 82.783, 6.6
62.100, 109.472, 6.6
62.100, 116.543, 6.6
95.860, 82.783, 6.6
102.931, 82.783, 6.6
62.100, 123.614, 6.6
62.100, 130.685, 6.6
110.002, 82.783, 6.6
117.073, 82.783, 6.6
68.640, 131.216, 6.6
75.711, 131.216, 6.6
124.144, 82.783, 6.6
131.215, 82.783, 6.6
82.782, 131.216, 6.6
89.853, 131.216, 6.6
138.286, 82.783, 6.6
145.357, 82.783, 6.6
96.924, 131.216, 6.6
103.995, 131.216, 6.6
151.899, 83.312, 6.6
151.899, 90.383, 6.6
111.066, 131.216, 6.6
118.137, 131.216, 6.6
151.899, 97.454, 6.6
151.899, 104.525, 6.6
125.208, 131.216, 6.6
132.279, 131.216, 6.6
151.899, 111.597, 6.6
151.899, 118.668, 6.6
139.350, 131.216, 6.6
151.900, 131.216, 6.6
151.899, 125.739, 6.6
146.422, 131.216, 6.6
146.157, 131.481, 6.6
60.750, 81.434, 6.6
60.750, 132.566, 6.6
153.250, 132.566, 6.6
153.250, 107.000, 6.6
153.250, 81.434, 6.6
60.750, 81.434, 6.6
59.250, 79.934, 6.6
59.250, 134.066, 6.6
154.750, 134.066, 6.6
154.750, 107.000, 6.6
154.750, 79.934, 6.6
59.250, 79.934, 6.6
60.070, 80.753, 6.6
58.570, 79.253, 6.6
57.750, 78.434, 6.6
57.750, 135.566, 6.6
156.250, 135.566, 6.6
156.250, 107.000, 6.6
156.250, 78.434, 6.6
57.750, 78.434, 6.6
57.750, 79.184, 6.6
57.750, 79.184, 7.5
60.070, 80.753, 7.5
62.100, 125.739, 7.5
67.410, 131.050, 7.5
62.100, 131.051, 7.5
62.100, 118.668, 7.5
74.481, 131.050, 7.5
81.552, 131.050, 7.5
62.100, 111.597, 7.5
62.100, 104.526, 7.5
88.623, 131.050, 7.5
95.694, 131.050, 7.5
62.100, 97.455, 7.5
62.100, 90.384, 7.5
102.765, 131.050, 7.5
109.837, 131.050, 7.5
62.100, 83.313, 7.5
62.100, 82.949, 7.5
68.807, 82.949, 7.5
116.908, 131.050, 7.5
123.979, 131.050, 7.5
75.878, 82.949, 7.5
82.949, 82.949, 7.5
131.050, 131.050, 7.5
138.121, 131.050, 7.5
90.020, 82.949, 7.5
97.091, 82.949, 7.5
145.192, 131.050, 7.5
151.900, 131.051, 7.5
151.899, 130.686, 7.5
104.162, 82.949, 7.5
111.233, 82.949, 7.5
151.899, 123.614, 7.5
151.899, 116.543, 7.5
118.304, 82.949, 7.5
125.375, 82.949, 7.5
151.899, 109.472, 7.5
151.899, 102.401, 7.5
132.446, 82.949, 7.5
139.517, 82.949, 7.5
151.899, 95.330, 7.5
151.899, 88.259, 7.5
146.588, 82.949, 7.5
151.900, 82.949, 7.5
152.275, 82.949, 7.5
60.750, 81.599, 7.5
60.750, 132.401, 7.5
153.250, 132.401, 7.5
153.250, 107.000, 7.5
153.250, 81.599, 7.5
60.750, 81.599, 7.5
59.250, 80.099, 7.5
59.250, 133.901, 7.5
154.750, 133.901, 7.5
154.750, 107.000, 7.5
154.750, 80.099, 7.5
59.250, 80.099, 7.5
60.070, 80.918, 7.5
58.570, 79.418, 7.5
57.750, 78.599, 7.5
57.750, 135.401, 7.5
156.250, 135.401, 7.5
156.250, 107.000, 7.5
156.250, 78.599, 7.5
57.750, 78.599, 7.5
57.750, 79.349, 7.5
57.750, 79.349, 8.4
60.070, 80.918, 8.4
67.146, 83.212, 8.4
62.099, 88.259, 8.4
62.100, 83.213, 8.4
74.217, 83.212, 8.4
62.099, 95.330, 8.4
62.099, 102.401, 8.4
81.288, 83.212, 8.4
88.360, 83.212, 8.4
62.099, 109.472, 8.4
62.099, 116.543, 8.4
95.431, 83.212, 8.4
102.502, 83.212, 8.4
62.099, 123.614, 8.4
62.099, 130.686, 8.4
109.573, 83.212, 8.4
116.644, 83.212, 8.4
69.070, 130.786, 8.4
76.141, 130.786, 8.4
123.715, 83.212, 8.4
130.786, 83.212, 8.4
83.212, 130.786, 8.4
90.283, 130.786, 8.4
137.857, 83.212, 8.4
144.928, 83.212, 8.4
97.354, 130.786, 8.4
104.425, 130.786, 8.4
151.899, 83.312, 8.4
151.899, 90.383, 8.4
111.496, 130.786, 8.4
118.567, 130.786, 8.4
151.899, 97.454, 8.4
151.899, 104.525, 8.4
125.638, 130.786, 8.4
132.709, 130.786, 8.4
151.899, 111.597, 8.4
151.899, 118.668, 8.4
139.780, 130.786, 8.4
151.900, 130.787, 8.4
151.899, 125.739, 8.4
146.851, 130.786, 8.4
146.586, 131.051, 8.4
60.750, 81.863, 8.4
60.750, 132.137, 8.4
153.250, 132.137, 8.4
153.250, 107.000, 8.4
153.250, 81.863, 8.4
60.750, 81.863, 8.4
59.250, 80.363, 8.4
59.250, 133.637, 8.4
154.750, 133.637, 8.4
154.750, 107.000, 8.4
154.750, 80.363, 8.4
59.250, 80.363, 8.4
60.070, 81.182, 8.4
58.570, 79.682, 8.4
57.750, 78.863, 8.4
57.750, 135.137, 8.4
156.250, 135.137, 8.4
156.250, 107.000, 8.4
156.250, 78.863, 8.4
57.750, 78.863, 8.4
57.750, 79.613, 8.4
57.750, 79.613, 9.3
60.070, 81.182, 9.3
62.100, 125.739, 9.3
66.866, 130.505, 9.3
62.100, 130.506, 9.3
62.100, 118.668, 9.3
73.937, 130.505, 9.3
81.008, 130.505, 9.3
62.100, 111.597, 9.3
62.100, 104.526, 9.3
88.079, 130.505, 9.3
95.150, 130.505, 9.3
62.100, 97.455, 9.3
62.100, 90.384, 9.3
102.221, 130.505, 9.3
109.292, 130.505, 9.3
62.280, 83.493, 9.3
69.351, 83.493, 9.3
116.363, 130.505, 9.3
123.434, 130.505, 9.3
76.422, 83.493, 9.3
83.493, 83.493, 9.3
130.505, 130.505, 9.3
137.576, 130.505, 9.3
90.564, 83.493, 9.3
97.635, 83.493, 9.3
144.647, 130.505, 9.3
151.718, 130.505, 9.3
104.706, 83.493, 9.3
111.778, 83.493, 9.3
151.899, 123.614, 9.3
151.899, 116.543, 9.3
118.849, 83.493, 9.3
125.920, 83.493, 9.3
151.899, 109.472, 9.3
151.899, 102.401, 9.3
132.991, 83.493, 9.3
140.062, 83.493, 9.3
151.899, 95.330, 9.3
151.899, 88.259, 9.3
147.133, 83.493, 9.3
151.900, 83.494, 9.3
152.275, 83.494, 9.3
60.750, 82.144, 9.3
60.750, 131.856, 9.3
153.250, 131.856, 9.3
153.250, 107.000, 9.3
153.250, 82.144, 9.3
60.750, 82.144, 9.3
59.250, 80.644, 9.3
59.250, 133.356, 9.3
154.750, 133.356, 9.3
154.750, 107.000, 9.3
154.750, 80.644, 9.3
59.250, 80.644, 9.3
60.070, 81.463, 9.3
58.570, 79.963, 9.3
57.750, 79.144, 9.3
57.750, 134.856, 9.3
156.250, 134.856, 9.3
156.250, 107.000, 9.3
156.250, 79.144, 9.3
57.750, 79.144, 9.3
57.750, 79.894, 9.3
57.750, 79.894, 10.2
60.070, 81.463, 10.2
73.657, 83.773, 10.2
62.100, 95.330, 10.2
62.100, 88.258, 10.2
66.586, 83.773, 10.2
80.728, 83.773, 10.2
62.100, 102.401, 10.2
62.100, 109.472, 10.2
87.799, 83.773, 10.2
94.870, 83.773, 10.2
62.100, 116.543, 10.2
62.100, 123.614, 10.2
101.941, 83.773, 10.2
109.012, 83.773, 10.2
62.559, 130.226, 10.2
69.630, 130.226, 10.2
116.083, 83.773, 10.2
123.154, 83.773, 10.2
76.701, 130.226, 10.2
83.772, 130.226, 10.2
130.225, 83.773, 10.2
137.296, 83.773, 10.2
90.843, 130.226, 10.2
97.914, 130.226, 10.2
144.367, 83.773, 10.2
151.438, 83.773, 10.2
104.985, 130.226, 10.2
112.056, 130.226, 10.2
151.899, 90.383, 10.2
151.899, 97.454, 10.2
119.127, 130.226, 10.2
126.198, 130.226, 10.2
151.899, 104.525, 10.2
151.899, 111.597, 10.2
133.269, 130.226, 10.2
147.411, 130.226, 10.2
151.899, 125.739, 10.2
151.899, 118.668, 10.2
140.340, 130.226, 10.2
140.075, 130.491, 10.2
60.750, 82.424, 10.2
60.750, 131.576, 10.2
153.250, 131.576, 10.2
153.250, 107.000, 10.2
153.250, 82.424, 10.2
60.750, 82.424, 10.2
59.250, 80.924, 10.2
59.250, 133.076, 10.2
154.750, 133.076, 10.2
154.750, 107.000, 10.2
154.750, 80.924, 10.2
59.250, 80.924, 10.2
60.070, 81.743, 10.2
58.570, 80.243, 10.2
57.750, 79.424, 10.2
57.750, 134.576, 10.2
156.250, 134.576, 10.2
156.250, 107.000, 10.2
156.250, 79.424, 10.2
57.750, 79.424, 10.2
57.750, 80.174, 10.2
57.750, 80.174, 11.1
60.070, 81.743, 11.1
62.099, 125.739, 11.1
66.303, 129.942, 11.1
62.100, 129.944, 11.1
62.099, 118.668, 11.1
73.374, 129.942, 11.1
80.445, 129.942, 11.1
62.099, 111.597, 11.1
62.099, 104.525, 11.1
87.516, 129.942, 11.1
94.587, 129.942, 11.1
62.099, 97.454, 11.1
62.099, 90.383, 11.1
101.658, 129.942, 11.1
108.729, 129.942, 11.1
62.842, 84.055, 11.1
69.913, 84.055, 11.1
115.800, 129.942, 11.1
122.871, 129.942, 11.1
76.984, 84.055, 11.1
84.055, 84.055, 11.1
129.942, 129.942, 11.1
137.013, 129.942, 11.1
91.126, 84.055, 11.1
98.198, 84.055, 11.1
144.085, 129.942, 11.1
151.156, 129.942, 11.1
105.269, 84.055, 11.1
112.340, 84.056, 11.1
151.899, 123.614, 11.1
151.899, 116.543, 11.1
119.411, 84.056, 11.1
126.483, 84.056, 11.1
151.899, 109.472, 11.1
151.899, 102.401, 11.1
133.554, 84.056, 11.1
140.625, 84.056, 11.1
151.899, 95.330, 11.1
151.899, 88.259, 11.1
147.696, 84.056, 11.1
151.900, 84.056, 11.1
152.275, 84.056, 11.1
60.750, 82.706, 11.1
60.750, 131.294, 11.1
153.250, 131.294, 11.1
153.250, 107.000, 11.1
153.250, 82.706, 11.1
60.750, 82.706, 11.1
59.250, 81.206, 11.1
59.250, 132.794, 11.1
154.750, 132.794, 11.1
154.750, 107.000, 11.1
154.750, 81.206, 11.1
59.250, 81.206, 11.1
60.070, 82.025, 11.1
58.570, 80.525, 11.1
57.750, 79.706, 11.1
57.750, 134.294, 11.1
156.250, 134.294, 11.1
156.250, 107.000, 11.1
156.250, 79.706, 11.1
57.750, 79.706, 11.1
57.750, 80.456, 11.1
57.750, 80.456, 12.0
60.070, 82.025, 12.0
72.969, 84.460, 12.0
62.100, 95.330, 12.0
62.100, 88.258, 12.0
65.898, 84.460, 12.0
80.040, 84.460, 12.0
62.100, 102.401, 12.0
62.100, 109.472, 12.0
87.112, 84.460, 12.0
94.183, 84.460, 12.0
62.100, 116.543, 12.0
62.100, 123.614, 12.0
101.254, 84.460, 12.0
108.325, 84.460, 12.0
63.246, 129.539, 12.0
70.317, 129.539, 12.0
115.396, 84.460, 12.0
122.467, 84.460, 12.0
77.388, 129.539, 12.0
84.459, 129.539, 12.0
129.538, 84.460, 12.0
136.609, 84.460, 12.0
91.530, 129.539, 12.0
98.601, 129.539, 12.0
143.680, 84.460, 12.0
150.751, 84.460, 12.0
105.672, 129.539, 12.0
112.743, 129.539, 12.0
151.899, 90.383, 12.0
151.899, 97.454, 12.0
119.815, 129.539, 12.0
126.886, 129.539, 12.0
151.899, 104.525, 12.0
151.899, 111.597, 12.0
133.957, 129.539, 12.0
148.099, 129.539, 12.0
151.899, 125.739, 12.0
151.899, 118.668, 12.0
141.028, 129.539, 12.0
140.763, 129.804, 12.0
60.750, 83.111, 12.0
60.750, 130.889, 12.0
153.250, 130.889, 12.0
153.250, 107.000, 12.0
153.250, 83.111, 12.0
60.750, 83.111, 12.0
59.250, 81.611, 12.0
59.250, 132.389, 12.0
154.750, 132.389, 12.0
154.750, 107.000, 12.0
154.750, 81.611, 12.0
59.250, 81.611, 12.0
60.070, 82.430, 12.0
58.570, 80.930, 12.0
57.750, 80.111, 12.0
57.750, 133.889, 12.0
156.250, 133.889, 12.0
156.250, 107.000, 12.0
156.250, 80.111, 12.0
57.750, 80.111, 12.0
57.750, 80.861, 12.0
57.750, 80.861, 12.9
60.070, 82.430, 12.9
62.099, 125.739, 12.9
65.493, 129.133, 12.9
62.100, 129.134, 12.9
62.099, 118.668, 12.9
72.564, 129.133, 12.9
79.635, 129.133, 12.9
62.099, 111.597, 12.9
62.099, 104.525, 12.9
86.706, 129.133, 12.9
93.777, 129.133, 12.9
62.099, 97.454, 12.9
62.099, 90.383, 12.9
100.848, 129.133, 12.9
107.920, 129.133, 12.9
63.652, 84.865, 12.9
70.723, 84.865, 12.9
114.991, 129.133, 12.9
122.062, 129.133, 12.9
77.794, 84.865, 12.9
84.865, 84.865, 12.9
129.133, 129.133, 12.9
136.205, 129.133, 12.9
91.936, 84.865, 12.9
99.007, 84.865, 12.9
143.276, 129.133, 12.9
150.347, 129.133, 12.9
106.078, 84.865, 12.9
113.149, 84.865, 12.9
151.899, 123.614, 12.9
151.899, 116.543, 12.9
120.220, 84.865, 12.9
127.291, 84.865, 12.9
151.899, 109.472, 12.9
151.899, 102.401, 12.9
134.363, 84.865, 12.9
141.434, 84.865, 12.9
151.899, 95.330, 12.9
151.899, 88.259, 12.9
148.505, 84.865, 12.9
151.900, 84.866, 12.9
152.275, 84.866, 12.9
60.750, 83.516, 12.9
60.750, 130.484, 12.9
153.250, 130.484, 12.9
153.250, 107.000, 12.9
153.250, 83.516, 12.9
60.750, 83.516, 12.9
59.250, 82.016, 12.9
59.250, 131.984, 12.9
154.750, 131.984, 12.9
154.750, 107.000, 12.9
154.750, 82.016, 12.9
59.250, 82.016, 12.9
60.070, 82.835, 12.9
58.570, 81.335, 12.9
57.750, 80.516, 12.9
57.750, 133.484, 12.9
156.250, 133.484, 12.9
156.250, 107.000, 12.9
156.250, 80.516, 12.9
57.750, 80.516, 12.9
57.750, 81.266, 12.9
57.750, 81.266, 13.8
60.070, 82.835, 13.8
72.160, 85.269, 13.8
62.100, 95.330, 13.8
62.100, 88.258, 13.8
65.089, 85.269, 13.8
79.232, 85.269, 13.8
62.100, 102.401, 13.8
62.100, 109.472, 13.8
86.303, 85.269, 13.8
93.374, 85.269, 13.8
62.100, 116.543, 13.8
62.100, 123.614, 13.8
100.445, 85.269, 13.8
107.516, 85.269, 13.8
64.055, 128.730, 13.8
71.126, 128.730, 13.8
114.587, 85.269, 13.8
121.658, 85.269, 13.8
78.197, 128.730, 13.8
85.268, 128.730, 13.8
128.729, 85.269, 13.8
135.800, 85.269, 13.8
92.339, 128.730, 13.8
99.410, 128.730, 13.8
142.871, 85.269, 13.8
149.942, 85.269, 13.8
106.481, 128.730, 13.8
113.552, 128.730, 13.8
151.899, 90.383, 13.8
151.899, 97.454, 13.8
120.623, 128.730, 13.8
127.694, 128.730, 13.8
151.899, 104.525, 13.8
151.899, 111.597, 13.8
134.766, 128.730, 13.8
148.908, 128.730, 13.8
151.899, 125.739, 13.8
151.899, 118.668, 13.8
141.837, 128.730, 13.8
141.572, 128.995, 13.8
60.750, 83.920, 13.8
60.750, 130.080, 13.8
153.250, 130.080, 13.8
153.250, 83.920, 13.8
60.750, 83.920, 13.8
59.250, 82.420, 13.8
59.250, 131.580, 13.8
154.750, 131.580, 13.8
154.750, 82.420, 13.8
59.250, 82.420, 13.8
60.070, 83.239, 13.8
58.570, 81.739, 13.8
57.750, 80.920, 13.8
57.750, 133.080, 13.8
156.250, 133.080, 13.8
156.250, 80.920, 13.8
57.750, 80.920, 13.8
57.750, 81.670, 13.8
57.750, 81.670, 14.7
60.070, 83.239, 14.7
62.099, 125.739, 14.7
64.636, 128.276, 14.7
62.100, 128.277, 14.7
62.099, 118.668, 14.7
71.707, 128.276, 14.7
78.778, 128.276, 14.7
62.099, 111.597, 14.7
62.099, 104.525, 14.7
85.849, 128.276, 14.7
92.920, 128.276, 14.7
62.099, 97.454, 14.7
62.099, 90.383, 14.7
99.991, 128.276, 14.7
107.063, 128.276, 14.7
64.509, 85.722, 14.7
71.580, 85.722, 14.7
114.134, 128.276, 14.7
121.205, 128.276, 14.7
78.651, 85.722, 14.7
85.722, 85.722, 14.7
128.276, 128.276, 14.7
135.348, 128.276, 14.7
92.793, 85.722, 14.7
99.864, 85.722, 14.7
142.419, 128.276, 14.7
149.490, 128.276, 14.7
106.935, 85.722, 14.7
114.006, 85.722, 14.7
151.899, 123.614, 14.7
151.899, 116.543, 14.7
121.077, 85.722, 14.7
128.148, 85.722, 14.7
151.899, 109.472, 14.7
151.899, 102.401, 14.7
135.220, 85.722, 14.7
142.291, 85.722, 14.7
151.899, 95.330, 14.7
151.899, 88.259, 14.7
149.362, 85.722, 14.7
151.900, 85.723, 14.7
152.275, 85.723, 14.7
60.750, 84.373, 14.7
60.750, 129.627, 14.7
153.250, 129.627, 14.7
153.250, 107.000, 14.7
153.250, 84.373, 14.7
60.750, 84.373, 14.7
59.250, 82.873, 14.7
59.250, 131.127, 14.7
154.750, 131.127, 14.7
154.750, 107.000, 14.7
154.750, 82.873, 14.7
59.250, 82.873, 14.7
60.070, 83.692, 14.7
58.570, 82.192, 14.7
57.750, 81.373, 14.7
57.750, 132.627, 14.7
156.250, 132.627, 14.7
156.250, 107.000, 14.7
156.250, 81.373, 14.7
57.750, 81.373, 14.7
57.750, 82.123, 14.7
57.750, 82.123, 15.6
60.070, 83.692, 15.6
71.163, 86.266, 15.6
62.100, 95.330, 15.6
62.100, 88.258, 15.6
64.092, 86.266, 15.6
78.235, 86.266, 15.6
62.100, 102.401, 15.6
62.100, 109.472, 15.6
85.306, 86.266, 15.6
92.377, 86.266, 15.6
62.100, 116.543, 15.6
62.100, 123.614, 15.6
99.448, 86.266, 15.6
106.519, 86.266, 15.6
65.052, 127.733, 15.6
72.123, 127.733, 15.6
113.590, 86.266, 15.6
120.661, 86.266, 15.6
79.194, 127.733, 15.6
86.265, 127.733, 15.6
127.732, 86.266, 15.6
134.803, 86.266, 15.6
93.336, 127.733, 15.6
100.407, 127.733, 15.6
141.874, 86.266, 15.6
148.945, 86.266, 15.6
107.478, 127.733, 15.6
114.549, 127.733, 15.6
151.899, 90.383, 15.6
151.899, 97.454, 15.6
121.620, 127.733, 15.6
128.692, 127.733, 15.6
151.899, 104.525, 15.6
151.899, 111.597, 15.6
135.763, 127.733, 15.6
149.905, 127.733, 15.6
151.899, 125.739, 15.6
151.899, 118.668, 15.6
142.834, 127.733, 15.6
142.569, 127.998, 15.6
60.750, 84.917, 15.6
60.750, 129.083, 15.6
153.250, 129.083, 15.6
153.250, 107.000, 15.6
153.250, 84.917, 15.6
60.750, 84.917, 15.6
59.250, 83.417, 15.6
59.250, 130.583, 15.6
154.750, 130.583, 15.6
154.750, 107.000, 15.6
154.750, 83.417, 15.6
59.250, 83.417, 15.6
60.070, 84.236, 15.6
58.570, 82.736, 15.6
57.750, 81.917, 15.6
57.750, 132.083, 15.6
156.250, 132.083, 15.6
156.250, 107.000, 15.6
156.250, 81.917, 15.6
57.750, 81.917, 15.6
57.750, 82.667, 15.6
57.750, 82.667, 16.5
60.070, 84.236, 16.5
62.099, 125.739, 16.5
63.548, 127.188, 16.5
62.100, 127.189, 16.5
62.099, 118.668, 16.5
70.619, 127.188, 16.5
77.690, 127.188, 16.5
62.099, 111.597, 16.5
62.099, 104.525, 16.5
84.761, 127.188, 16.5
91.832, 127.188, 16.5
62.099, 97.454, 16.5
62.099, 90.383, 16.5
98.903, 127.188, 16.5
105.974, 127.188, 16.5
65.597, 86.810, 16.5
72.668, 86.810, 16.5
113.045, 127.188, 16.5
120.116, 127.188, 16.5
79.739, 86.810, 16.5
86.810, 86.810, 16.5
127.188, 127.188, 16.5
134.259, 127.188, 16.5
93.881, 86.810, 16.5
100.952, 86.810, 16.5
141.330, 127.188, 16.5
148.401, 127.188, 16.5
108.024, 86.811, 16.5
115.095, 86.811, 16.5
151.899, 123.614, 16.5
151.899, 116.543, 16.5
122.166, 86.811, 16.5
129.237, 86.811, 16.5
151.899, 109.472, 16.5
151.899, 102.401, 16.5
136.308, 86.811, 16.5
143.380, 86.811, 16.5
151.899, 95.330, 16.5
151.899, 88.259, 16.5
150.451, 86.811, 16.5
151.900, 86.811, 16.5
152.275, 86.811, 16.5
60.750, 85.461, 16.5
60.750, 128.539, 16.5
153.250, 128.539, 16.5
153.250, 107.000, 16.5
153.250, 85.461, 16.5
60.750, 85.461, 16.5
59.250, 83.961, 16.5
59.250, 130.039, 16.5
154.750, 130.039, 16.5
154.750, 107.000, 16.5
154.750, 83.961, 16.5
59.250, 83.961, 16.5
60.070, 84.780, 16.5
58.570, 83.280, 16.5
57.750, 82.461, 16.5
57.750, 131.539, 16.5
156.250, 131.539, 16.5
156.250, 107.000, 16.5
156.250, 82.461, 16.5
57.750, 82.461, 16.5
57.750, 83.211, 16.5
57.750, 83.211, 17.4
60.070, 84.780, 17.4
70.076, 87.353, 17.4
62.100, 95.330, 17.4
62.100, 88.258, 17.4
63.005, 87.353, 17.4
77.147, 87.353, 17.4
62.100, 102.401, 17.4
62.100, 109.472, 17.4
84.218, 87.353, 17.4
91.289, 87.353, 17.4
62.100, 116.543, 17.4
62.100, 123.614, 17.4
98.360, 87.353, 17.4
105.431, 87.353, 17.4
66.140, 126.644, 17.4
73.211, 126.644, 17.4
112.502, 87.353, 17.4
119.573, 87.353, 17.4
80.282, 126.644, 17.4
87.353, 126.644, 17.4
126.644, 87.353, 17.4
133.716, 87.353, 17.4
94.424, 126.644, 17.4
101.495, 126.644, 17.4
140.787, 87.353, 17.4
147.858, 87.353, 17.4
108.566, 126.645, 17.4
115.637, 126.645, 17.4
151.899, 90.383, 17.4
151.899, 97.454, 17.4
122.708, 126.645, 17.4
129.779, 126.645, 17.4
151.899, 104.525, 17.4
151.899, 111.597, 17.4
136.850, 126.645, 17.4
150.992, 126.645, 17.4
151.899, 125.739, 17.4
151.899, 118.668, 17.4
143.921, 126.645, 17.4
143.656, 126.910, 17.4
60.750, 86.005, 17.4
60.750, 127.995, 17.4
153.250, 127.995, 17.4
153.250, 107.000, 17.4
153.250, 86.005, 17.4
60.750, 86.005, 17.4
59.250, 84.505, 17.4
59.250, 129.495, 17.4
154.750, 129.495, 17.4
154.750, 107.000, 17.4
154.750, 84.505, 17.4
59.250, 84.505, 17.4
60.070, 85.324, 17.4
58.570, 83.824, 17.4
57.750, 83.005, 17.4
57.750, 130.995, 17.4
156.250, 130.995, 17.4
156.250, 107.000, 17.4
156.250, 83.005, 17.4
57.750, 83.005, 17.4
57.750, 83.755, 17.4
57.750, 83.755, 18.3
60.070, 85.324, 18.3
62.099, 125.739, 18.3
62.315, 125.955, 18.3
62.100, 125.956, 18.3
62.099, 118.668, 18.3
69.386, 125.955, 18.3
76.458, 125.955, 18.3
62.099, 111.597, 18.3
62.099, 104.525, 18.3
83.529, 125.955, 18.3
90.600, 125.955, 18.3
62.099, 97.454, 18.3
62.099, 90.383, 18.3
97.671, 125.955, 18.3
104.742, 125.955, 18.3
66.830, 88.043, 18.3
73.901, 88.043, 18.3
111.813, 125.955, 18.3
118.884, 125.955, 18.3
80.972, 88.043, 18.3
88.043, 88.043, 18.3
125.955, 125.955, 18.3
133.026, 125.955, 18.3
95.115, 88.043, 18.3
102.186, 88.043, 18.3
140.097, 125.955, 18.3
147.168, 125.955, 18.3
109.257, 88.043, 18.3
116.328, 88.043, 18.3
151.899, 123.615, 18.3
151.899, 116.544, 18.3
123.399, 88.043, 18.3
130.470, 88.043, 18.3
151.899, 109.473, 18.3
151.899, 102.402, 18.3
137.541, 88.043, 18.3
144.612, 88.043, 18.3
151.899, 95.331, 18.3
151.899, 88.260, 18.3
151.683, 88.043, 18.3
151.900, 88.044, 18.3
152.275, 88.045, 18.3
60.750, 86.694, 18.3
60.750, 127.306, 18.3
153.250, 127.306, 18.3
153.250, 107.000, 18.3
153.250, 86.694, 18.3
60.750, 86.694, 18.3
59.250, 85.194, 18.3
59.250, 128.806, 18.3
154.750, 128.806, 18.3
154.750, 107.000, 18.3
154.750, 85.194, 18.3
59.250, 85.194, 18.3
60.070, 86.013, 18.3
58.570, 84.513, 18.3
57.750, 83.694, 18.3
57.750, 130.306, 18.3
156.250, 130.306, 18.3
156.250, 107.000, 18.3
156.250, 83.694, 18.3
57.750, 83.694, 18.3
57.750, 84.444, 18.3
57.750, 84.444, 19.2
60.070, 86.013, 19.2
68.681, 88.748, 19.2
62.100, 95.330, 19.2
62.100, 88.749, 19.2
75.753, 88.748, 19.2
62.100, 102.401, 19.2
62.100, 109.472, 19.2
82.824, 88.748, 19.2
89.895, 88.748, 19.2
62.100, 116.543, 19.2
62.100, 123.614, 19.2
96.966, 88.748, 19.2
104.037, 88.748, 19.2
67.534, 125.251, 19.2
74.605, 125.251, 19.2
111.108, 88.748, 19.2
118.179, 88.748, 19.2
81.676, 125.251, 19.2
88.747, 125.251, 19.2
125.250, 88.748, 19.2
132.321, 88.748, 19.2
95.818, 125.251, 19.2
102.889, 125.251, 19.2
139.392, 88.748, 19.2
146.463, 88.748, 19.2
109.960, 125.251, 19.2
117.031, 125.251, 19.2
151.899, 90.383, 19.2
151.899, 97.454, 19.2
124.102, 125.251, 19.2
131.173, 125.251, 19.2
151.899, 104.525, 19.2
151.899, 111.597, 19.2
138.245, 125.251, 19.2
151.900, 125.251, 19.2
151.899, 118.668, 19.2
145.316, 125.251, 19.2
145.051, 125.516, 19.2
60.750, 87.399, 19.2
60.750, 126.601, 19.2
153.250, 126.601, 19.2
153.250, 107.000, 19.2
153.250, 87.399, 19.2
60.750, 87.399, 19.2
59.250, 85.899, 19.2
59.250, 128.101, 19.2
154.750, 128.101, 19.2
154.750, 107.000, 19.2
154.750, 85.899, 19.2
59.250, 85.899, 19.2
60.070, 86.718, 19.2
58.570, 85.218, 19.2
57.750, 84.399, 19.2
57.750, 129.601, 19.2
156.250, 129.601, 19.2
156.250, 107.000, 19.2
156.250, 84.399, 19.2
57.750, 84.399, 19.2
57.750, 85.149, 19.2
57.750, 85.149, 20.1
60.070, 86.718, 20.1
62.099, 118.668, 20.1
67.975, 124.544, 20.1
62.100, 124.545, 20.1
62.099, 111.597, 20.1
75.046, 124.544, 20.1
82.117, 124.544, 20.1
62.099, 104.525, 20.1
62.099, 97.454, 20.1
89.188, 124.544, 20.1
96.259, 124.544, 20.1
62.099, 90.383, 20.1
62.100, 89.455, 20.1
68.241, 89.454, 20.1
103.330, 124.544, 20.1
110.402, 124.544, 20.1
75.312, 89.454, 20.1
82.383, 89.454, 20.1
117.473, 124.544, 20.1
124.544, 124.544, 20.1
89.454, 89.454, 20.1
96.525, 89.454, 20.1
131.615, 124.544, 20.1
138.686, 124.544, 20.1
103.596, 89.454, 20.1
110.667, 89.454, 20.1
145.758, 124.544, 20.1
151.900, 124.545, 20.1
151.899, 123.614, 20.1
117.738, 89.454, 20.1
124.810, 89.454, 20.1
151.899, 116.543, 20.1
151.899, 109.472, 20.1
131.881, 89.454, 20.1
138.952, 89.454, 20.1
151.899, 102.401, 20.1
151.899, 95.330, 20.1
146.023, 89.454, 20.1
151.900, 89.455, 20.1
152.275, 89.455, 20.1
60.750, 88.105, 20.1
60.750, 125.895, 20.1
153.250, 125.895, 20.1
153.250, 107.000, 20.1
153.250, 88.105, 20.1
60.750, 88.105, 20.1
59.250, 86.605, 20.1
59.250, 127.395, 20.1
154.750, 127.395, 20.1
154.750, 107.000, 20.1
154.750, 86.605, 20.1
59.250, 86.605, 20.1
60.070, 87.424, 20.1
58.570, 85.924, 20.1
57.750, 85.105, 20.1
57.750, 128.895, 20.1
156.250, 128.895, 20.1
156.250, 107.000, 20.1
156.250, 85.105, 20.1
57.750, 85.105, 20.1
57.750, 85.855, 20.1
57.750, 85.855, 21.0
60.070, 87.424, 21.0
67.129, 90.301, 21.0
62.100, 95.330, 21.0
62.100, 90.302, 21.0
74.200, 90.301, 21.0
62.100, 102.401, 21.0
62.100, 109.472, 21.0
81.271, 90.301, 21.0
88.342, 90.301, 21.0
62.100, 116.543, 21.0
62.100, 123.614, 21.0
95.413, 90.301, 21.0
102.484, 90.301, 21.0
69.087, 123.698, 21.0
76.158, 123.698, 21.0
109.555, 90.301, 21.0
116.626, 90.301, 21.0
83.229, 123.698, 21.0
90.300, 123.698, 21.0
123.697, 90.301, 21.0
130.768, 90.301, 21.0
97.371, 123.698, 21.0
104.442, 123.698, 21.0
137.839, 90.301, 21.0
144.910, 90.301, 21.0
111.513, 123.698, 21.0
118.584, 123.698, 21.0
151.899, 90.383, 21.0
151.899, 97.454, 21.0
125.655, 123.698, 21.0
132.726, 123.698, 21.0
151.899, 104.525, 21.0
151.899, 111.597, 21.0
139.797, 123.698, 21.0
151.900, 123.698, 21.0
151.899, 118.668, 21.0
146.868, 123.698, 21.0
146.603, 123.963, 21.0
60.750, 88.952, 21.0
60.750, 125.048, 21.0
153.250, 125.048, 21.0
153.250, 107.000, 21.0
153.250, 88.952, 21.0
60.750, 88.952, 21.0
59.250, 87.452, 21.0
59.250, 126.548, 21.0
154.750, 126.548, 21.0
154.750, 107.000, 21.0
154.750, 87.452, 21.0
59.250, 87.452, 21.0
60.070, 88.271, 21.0
58.570, 86.771, 21.0
57.750, 85.952, 21.0
57.750, 128.048, 21.0
156.250, 128.048, 21.0
156.250, 107.000, 21.0
156.250, 85.952, 21.0
57.750, 85.952, 21.0
57.750, 86.702, 21.0
57.750, 86.702, 21.9
60.070, 88.271, 21.9
62.099, 118.668, 21.9
66.228, 122.796, 21.9
62.100, 122.798, 21.9
62.099, 111.597, 21.9
73.299, 122.796, 21.9
80.370, 122.796, 21.9
62.099, 104.525, 21.9
62.099, 97.454, 21.9
87.441, 122.796, 21.9
94.512, 122.796, 21.9
62.917, 91.201, 21.9
69.988, 91.201, 21.9
101.583, 122.796, 21.9
108.654, 122.796, 21.9
77.059, 91.201, 21.9
84.130, 91.201, 21.9
115.725, 122.796, 21.9
122.796, 122.796, 21.9
91.201, 91.201, 21.9
98.272, 91.201, 21.9
129.867, 122.796, 21.9
136.939, 122.796, 21.9
105.344, 91.201, 21.9
112.415, 91.202, 21.9
144.010, 122.796, 21.9
151.081, 122.796, 21.9
119.486, 91.202, 21.9
126.557, 91.202, 21.9
151.899, 116.543, 21.9
151.899, 109.472, 21.9
133.629, 91.202, 21.9
140.700, 91.202, 21.9
151.899, 102.401, 21.9
151.899, 95.330, 21.9
147.771, 91.202, 21.9
151.900, 91.202, 21.9
152.275, 91.202, 21.9
60.750, 89.852, 21.9
60.750, 124.148, 21.9
153.250, 124.148, 21.9
153.250, 107.000, 21.9
153.250, 89.852, 21.9
60.750, 89.852, 21.9
59.250, 88.352, 21.9
59.250, 125.648, 21.9
154.750, 125.648, 21.9
154.750, 107.000, 21.9
154.750, 88.352, 21.9
59.250, 88.352, 21.9
60.070, 89.171, 21.9
58.570, 87.671, 21.9
57.750, 86.852, 21.9
57.750, 127.148, 21.9
156.250, 127.148, 21.9
156.250, 107.000, 21.9
156.250, 86.852, 21.9
57.750, 86.852, 21.9
57.750, 87.602, 21.9
57.750, 87.602, 22.8
60.070, 89.171, 22.8
72.399, 92.101, 22.8
62.100, 102.401, 22.8
62.100, 95.330, 22.8
65.328, 92.101, 22.8
79.471, 92.101, 22.8
62.100, 109.472, 22.8
62.100, 116.543, 22.8
86.542, 92.101, 22.8
93.613, 92.101, 22.8
63.816, 121.898, 22.8
70.887, 121.898, 22.8
100.684, 92.101, 22.8
107.755, 92.101, 22.8
77.958, 121.898, 22.8
85.029, 121.898, 22.8
114.826, 92.101, 22.8
121.897, 92.101, 22.8
92.100, 121.898, 22.8
99.171, 121.898, 22.8
128.968, 92.101, 22.8
136.039, 92.101, 22.8
106.242, 121.898, 22.8
113.313, 121.898, 22.8
143.110, 92.101, 22.8
150.181, 92.101, 22.8
120.384, 121.898, 22.8
127.455, 121.898, 22.8
151.899, 97.454, 22.8
151.899, 104.525, 22.8
134.527, 121.898, 22.8
148.669, 121.898, 22.8
151.899, 118.668, 22.8
151.899, 111.597, 22.8
141.598, 121.898, 22.8
141.333, 122.163, 22.8
60.750, 90.752, 22.8
60.750, 123.248, 22.8
153.250, 123.248, 22.8
153.250, 107.000, 22.8
153.250, 90.752, 22.8
60.750, 90.752, 22.8
59.250, 89.252, 22.8
59.250, 124.748, 22.8
154.750, 124.748, 22.8
154.750, 107.000, 22.8
154.750, 89.252, 22.8
59.250, 89.252, 22.8
60.070, 90.071, 22.8
58.570, 88.571, 22.8
57.750, 87.752, 22.8
57.750, 126.248, 22.8
156.250, 126.248, 22.8
156.250, 107.000, 22.8
156.250, 87.752, 22.8
57.750, 87.752, 22.8
57.750, 88.502, 22.8
57.750, 88.502, 23.7
60.070, 90.071, 23.7
62.099, 118.668, 23.7
64.209, 120.778, 23.7
62.100, 120.779, 23.7
62.099, 111.597, 23.7
71.280, 120.778, 23.7
78.351, 120.778, 23.7
62.099, 104.525, 23.7
62.099, 97.454, 23.7
85.422, 120.778, 23.7
92.493, 120.778, 23.7
64.936, 93.220, 23.7
72.007, 93.220, 23.7
99.564, 120.778, 23.7
106.635, 120.778, 23.7
79.078, 93.220, 23.7
86.149, 93.220, 23.7
113.707, 120.778, 23.7
120.778, 120.778, 23.7
93.220, 93.220, 23.7
100.291, 93.220, 23.7
127.849, 120.778, 23.7
134.920, 120.778, 23.7
107.362, 93.220, 23.7
114.433, 93.220, 23.7
141.991, 120.778, 23.7
149.063, 120.778, 23.7
121.504, 93.220, 23.7
128.576, 93.220, 23.7
151.899, 116.543, 23.7
151.899, 109.472, 23.7
135.647, 93.220, 23.7
142.718, 93.220, 23.7
151.899, 102.401, 23.7
151.899, 95.330, 23.7
149.789, 93.220, 23.7
151.900, 93.221, 23.7
152.275, 93.221, 23.7
60.750, 91.871, 23.7
60.750, 122.129, 23.7
153.250, 122.129, 23.7
153.250, 107.000, 23.7
153.250, 91.871, 23.7
60.750, 91.871, 23.7
59.250, 90.371, 23.7
59.250, 123.629, 23.7
154.750, 123.629, 23.7
154.750, 107.000, 23.7
154.750, 90.371, 23.7
59.250, 90.371, 23.7
60.070, 91.190, 23.7
58.570, 89.690, 23.7
57.750, 88.871, 23.7
57.750, 125.129, 23.7
156.250, 125.129, 23.7
156.250, 107.000, 23.7
156.250, 88.871, 23.7
57.750, 88.871, 23.7
57.750, 89.621, 23.7
57.750, 89.621, 24.6
60.070, 91.190, 24.6
70.132, 94.369, 24.6
62.100, 102.401, 24.6
62.100, 95.330, 24.6
63.061, 94.369, 24.6
77.203, 94.369, 24.6
62.100, 109.472, 24.6
62.100, 116.543, 24.6
84.274, 94.369, 24.6
91.345, 94.369, 24.6
66.084, 119.629, 24.6
73.155, 119.629, 24.6
98.416, 94.369, 24.6
105.487, 94.369, 24.6
80.226, 119.629, 24.6
87.297, 119.629, 24.6
112.557, 94.369, 24.6
119.629, 94.369, 24.6
94.369, 119.629, 24.6
101.440, 119.629, 24.6
126.700, 94.369, 24.6
133.771, 94.369, 24.6
108.511, 119.629, 24.6
115.582, 119.629, 24.6
140.842, 94.369, 24.6
147.913, 94.369, 24.6
122.653, 119.629, 24.6
129.724, 119.629, 24.6
151.899, 97.454, 24.6
151.899, 104.525, 24.6
136.795, 119.629, 24.6
150.937, 119.629, 24.6
151.899, 118.668, 24.6
151.899, 111.597, 24.6
143.866, 119.629, 24.6
143.601, 119.894, 24.6
60.750, 93.020, 24.6
60.750, 120.980, 24.6
153.250, 120.980, 24.6
153.250, 107.000, 24.6
153.250, 93.020, 24.6
60.750, 93.020, 24.6
59.250, 91.520, 24.6
59.250, 122.480, 24.6
154.750, 122.480, 24.6
154.750, 107.000, 24.6
154.750, 91.520, 24.6
59.250, 91.520, 24.6
60.070, 92.339, 24.6
58.570, 90.839, 24.6
57.750, 90.020, 24.6
57.750, 123.980, 24.6
156.250, 123.980, 24.6
156.250, 107.000, 24.6
156.250, 90.020, 24.6
57.750, 90.020, 24.6
57.750, 90.770, 24.6
57.750, 90.770, 25.5
60.070, 92.339, 25.5
62.100, 111.597, 25.5
63.705, 113.202, 25.5
62.100, 113.204, 25.5
62.100, 104.526, 25.5
70.776, 113.202, 25.5
77.847, 113.202, 25.5
65.439, 100.795, 25.5
72.510, 100.795, 25.5
84.918, 113.202, 25.5
91.989, 113.202, 25.5
79.582, 100.795, 25.5
86.653, 100.795, 25.5
99.060, 113.202, 25.5
106.131, 113.202, 25.5
93.724, 100.795, 25.5
100.795, 100.795, 25.5
113.202, 113.202, 25.5
120.273, 113.202, 25.5
107.867, 100.795, 25.5
114.938, 100.795, 25.5
127.344, 113.202, 25.5
134.416, 113.202, 25.5
122.009, 100.796, 25.5
129.080, 100.796, 25.5
141.487, 113.202, 25.5
148.558, 113.202, 25.5
136.151, 100.796, 25.5
143.223, 100.796, 25.5
151.899, 109.472, 25.5
151.900, 100.796, 25.5
150.294, 100.796, 25.5
151.899, 102.401, 25.5
152.164, 102.666, 25.5
60.750, 94.304, 25.5
60.750, 119.696, 25.5
153.250, 119.696, 25.5
153.250, 107.000, 25.5
153.250, 94.304, 25.5
60.750, 94.304, 25.5
59.250, 92.804, 25.5
59.250, 121.196, 25.5
154.750, 121.196, 25.5
154.750, 107.000, 25.5
154.750, 92.804, 25.5
59.250, 92.804, 25.5
60.070, 93.623, 25.5
58.570, 92.123, 25.5
57.750, 91.304, 25.5
57.750, 122.696, 25.5
156.250, 122.696, 25.5
156.250, 107.000, 25.5
156.250, 91.304, 25.5
57.750, 91.304, 25.5
57.750, 92.054, 25.5
60.070, 93.623, 25.5
62.176, 95.730, 25.5
62.176, 99.520, 25.5
151.825, 99.521, 25.5
151.825, 97.625, 25.5
151.825, 95.729, 25.5
62.176, 95.730, 25.5
62.926, 96.867, 25.5
64.828, 98.769, 25.5
66.949, 98.769, 25.5
64.659, 96.479, 25.5
66.781, 96.479, 25.5
69.070, 98.769, 25.5
71.192, 98.769, 25.5
68.902, 96.479, 25.5
71.023, 96.479, 25.5
73.313, 98.769, 25.5
75.434, 98.769, 25.5
73.145, 96.479, 25.5
75.266, 96.479, 25.5
77.556, 98.769, 25.5
79.677, 98.769, 25.5
77.387, 96.479, 25.5
79.509, 96.479, 25.5
81.798, 98.769, 25.5
83.920, 98.769, 25.5
81.630, 96.479, 25.5
83.751, 96.479, 25.5
86.041, 98.769, 25.5
88.162, 98.769, 25.5
85.873, 96.479, 25.5
87.994, 96.479, 25.5
90.284, 98.769, 25.5
92.405, 98.769, 25.5
90.115, 96.479, 25.5
92.237, 96.479, 25.5
94.526, 98.769, 25.5
96.648, 98.769, 25.5
94.358, 96.479, 25.5
96.479, 96.479, 25.5
98.769, 98.769, 25.5
100.890, 98.769, 25.5
98.601, 96.479, 25.5
100.722, 96.479, 25.5
103.012, 98.769, 25.5
105.133, 98.769, 25.5
102.843, 96.479, 25.5
104.965, 96.479, 25.5
107.255, 98.770, 25.5
109.376, 98.770, 25.5
107.086, 96.479, 25.5
109.207, 96.479, 25.5
111.498, 98.770, 25.5
113.619, 98.770, 25.5
111.329, 96.479, 25.5
113.450, 96.479, 25.5
115.740, 98.770, 25.5
117.861, 98.770, 25.5
115.571, 96.479, 25.5
117.692, 96.479, 25.5
119.983, 98.770, 25.5
122.104, 98.770, 25.5
119.814, 96.479, 25.5
121.935, 96.479, 25.5
124.225, 98.770, 25.5
126.347, 98.770, 25.5
124.056, 96.479, 25.5
126.178, 96.479, 25.5
128.468, 98.770, 25.5
130.589, 98.770, 25.5
128.299, 96.479, 25.5
130.420, 96.479, 25.5
132.711, 98.770, 25.5
134.832, 98.770, 25.5
132.542, 96.479, 25.5
134.663, 96.479, 25.5
136.953, 98.770, 25.5
139.075, 98.770, 25.5
136.784, 96.479, 25.5
138.906, 96.479, 25.5
141.196, 98.770, 25.5
143.317, 98.770, 25.5
141.027, 96.479, 25.5
143.148, 96.479, 25.5
145.439, 98.770, 25.5
147.560, 98.770, 25.5
145.270, 96.479, 25.5
147.391, 96.479, 25.5
149.681, 98.770, 25.5
151.074, 98.041, 25.5
149.512, 96.479, 25.5
62.175, 114.479, 25.5
62.175, 118.271, 25.5
151.825, 118.271, 25.5
151.825, 116.375, 25.5
151.825, 114.479, 25.5
62.175, 114.479, 25.5
64.487, 117.520, 25.5
62.924, 115.957, 25.5
64.317, 115.228, 25.5
66.608, 117.520, 25.5
68.730, 117.520, 25.5
66.438, 115.228, 25.5
68.559, 115.228, 25.5
70.851, 117.520, 25.5
72.972, 117.520, 25.5
70.680, 115.228, 25.5
72.802, 115.228, 25.5
75.094, 117.520, 25.5
77.215, 117.520, 25.5
74.923, 115.228, 25.5
77.044, 115.228, 25.5
79.336, 117.520, 25.5
81.457, 117.520, 25.5
79.166, 115.228, 25.5
81.287, 115.228, 25.5
83.579, 117.520, 25.5
85.700, 117.520, 25.5
83.408, 115.228, 25.5
85.530, 115.228, 25.5
87.821, 117.520, 25.5
89.943, 117.520, 25.5
87.651, 115.228, 25.5
89.772, 115.228, 25.5
92.064, 117.520, 25.5
94.185, 117.520, 25.5
91.894, 115.228, 25.5
94.015, 115.228, 25.5
96.307, 117.520, 25.5
98.428, 117.520, 25.5
96.136, 115.228, 25.5
98.258, 115.228, 25.5
100.549, 117.520, 25.5
102.671, 117.520, 25.5
100.379, 115.228, 25.5
102.500, 115.228, 25.5
104.792, 117.520, 25.5
106.913, 117.520, 25.5
104.622, 115.228, 25.5
106.743, 115.228, 25.5
109.035, 117.520, 25.5
111.156, 117.520, 25.5
108.865, 115.229, 25.5
110.986, 115.229, 25.5
113.277, 117.520, 25.5
115.399, 117.520, 25.5
113.108, 115.229, 25.5
115.229, 115.229, 25.5
117.520, 117.520, 25.5
119.641, 117.520, 25.5
117.350, 115.229, 25.5
119.472, 115.229, 25.5
121.763, 117.520, 25.5
123.884, 117.520, 25.5
121.593, 115.229, 25.5
123.714, 115.229, 25.5
126.005, 117.520, 25.5
128.127, 117.520, 25.5
125.836, 115.229, 25.5
127.957, 115.229, 25.5
130.248, 117.520, 25.5
132.369, 117.520, 25.5
130.078, 115.229, 25.5
132.199, 115.229, 25.5
134.491, 117.520, 25.5
136.612, 117.520, 25.5
134.321, 115.229, 25.5
136.442, 115.229, 25.5
138.733, 117.520, 25.5
140.854, 117.520, 25.5
138.563, 115.229, 25.5
140.685, 115.229, 25.5
142.976, 117.520, 25.5
145.097, 117.520, 25.5
142.806, 115.229, 25.5
144.927, 115.229, 25.5
147.218, 117.520, 25.5
149.340, 117.520, 25.5
147.049, 115.229, 25.5
149.170, 115.229, 25.5
151.074, 117.133, 25.5
151.074, 117.133, 26.4
62.100, 103.387, 26.4
62.099, 109.472, 26.4
68.186, 103.386, 26.4
75.257, 103.386, 26.4
68.031, 110.612, 26.4
75.102, 110.612, 26.4
82.328, 103.386, 26.4
89.399, 103.386, 26.4
82.173, 110.612, 26.4
89.244, 110.612, 26.4
96.470, 103.386, 26.4
103.541, 103.386, 26.4
96.315, 110.612, 26.4
103.386, 110.612, 26.4
110.612, 103.386, 26.4
117.683, 103.386, 26.4
110.457, 110.612, 26.4
117.528, 110.612, 26.4
124.754, 103.386, 26.4
131.825, 103.386, 26.4
124.599, 110.612, 26.4
131.671, 110.612, 26.4
138.896, 103.386, 26.4
145.967, 103.386, 26.4
138.742, 110.612, 26.4
151.900, 110.612, 26.4
151.899, 104.525, 26.4
145.813, 110.612, 26.4
145.548, 110.877, 26.4
60.750, 95.793, 26.4
60.750, 118.207, 26.4
153.250, 118.207, 26.4
153.250, 107.000, 26.4
153.250, 95.793, 26.4
60.750, 95.793, 26.4
59.250, 94.293, 26.4
59.250, 119.707, 26.4
154.750, 119.707, 26.4
154.750, 107.000, 26.4
154.750, 94.293, 26.4
59.250, 94.293, 26.4
60.070, 95.112, 26.4
58.570, 93.612, 26.4
57.750, 92.793, 26.4
57.750, 121.207, 26.4
156.250, 121.207, 26.4
156.250, 107.000, 26.4
156.250, 92.793, 26.4
57.750, 92.793, 26.4
57.750, 93.543, 26.4
60.070, 95.112, 26.4
62.175, 97.218, 26.4
62.175, 102.112, 26.4
64.622, 102.112, 26.4
151.825, 102.112, 26.4
151.825, 97.218, 26.4
62.175, 97.218, 26.4
62.924, 98.295, 26.4
63.252, 97.967, 26.4
65.374, 97.967, 26.4
62.924, 100.416, 26.4
64.101, 101.361, 26.4
67.495, 97.967, 26.4
69.616, 97.967, 26.4
66.222, 101.361, 26.4
68.343, 101.361, 26.4
71.738, 97.967, 26.4
73.859, 97.967, 26.4
70.465, 101.361, 26.4
72.586, 101.361, 26.4
75.980, 97.967, 26.4
78.102, 97.967, 26.4
74.707, 101.361, 26.4
76.829, 101.361, 26.4
80.223, 97.967, 26.4
82.344, 97.967, 26.4
78.950, 101.361, 26.4
81.071, 101.361, 26.4
84.466, 97.967, 26.4
86.587, 97.967, 26.4
83.193, 101.361, 26.4
85.314, 101.361, 26.4
88.708, 97.967, 26.4
90.829, 97.967, 26.4
87.435, 101.361, 26.4
89.557, 101.361, 26.4
92.951, 97.967, 26.4
95.072, 97.967, 26.4
91.678, 101.361, 26.4
93.799, 101.361, 26.4
97.193, 97.967, 26.4
99.315, 97.967, 26.4
95.921, 101.361, 26.4
98.042, 101.361, 26.4
101.436, 97.967, 26.4
103.557, 97.967, 26.4
100.163, 101.361, 26.4
102.285, 101.361, 26.4
105.679, 97.967, 26.4
107.800, 97.967, 26.4
104.406, 101.361, 26.4
106.527, 101.361, 26.4
109.921, 97.967, 26.4
112.043, 97.967, 26.4
108.649, 101.361, 26.4
110.770, 101.361, 26.4
114.164, 97.967, 26.4
116.285, 97.967, 26.4
112.891, 101.361, 26.4
115.013, 101.361, 26.4
118.407, 97.967, 26.4
120.528, 97.967, 26.4
117.134, 101.361, 26.4
119.255, 101.361, 26.4
122.649, 97.967, 26.4
124.771, 97.967, 26.4
121.377, 101.361, 26.4
123.498, 101.361, 26.4
126.892, 97.967, 26.4
129.013, 97.967, 26.4
125.619, 101.361, 26.4
127.740, 101.361, 26.4
131.135, 97.967, 26.4
133.256, 97.967, 26.4
129.862, 101.361, 26.4
131.983, 101.361, 26.4
135.377, 97.967, 26.4
137.499, 97.967, 26.4
134.104, 101.361, 26.4
136.226, 101.361, 26.4
139.620, 97.967, 26.4
141.741, 97.967, 26.4
138.347, 101.361, 26.4
140.468, 101.361, 26.4
143.862, 97.967, 26.4
145.984, 97.967, 26.4
142.590, 101.361, 26.4
144.711, 101.361, 26.4
148.105, 97.967, 26.4
150.226, 97.967, 26.4
146.832, 101.361, 26.4
148.954, 101.361, 26.4
151.074, 99.241, 26.4
62.175, 111.887, 26.4
62.175, 116.782, 26.4
151.825, 116.781, 26.4
151.825, 111.887, 26.4
62.175, 111.887, 26.4
62.925, 113.144, 26.4
63.433, 112.636, 26.4
65.554, 112.636, 26.4
62.925, 115.265, 26.4
64.280, 116.031, 26.4
67.675, 112.636, 26.4
69.797, 112.636, 26.4
66.402, 116.031, 26.4
68.523, 116.031, 26.4
71.918, 112.636, 26.4
74.039, 112.636, 26.4
70.644, 116.031, 26.4
72.766, 116.031, 26.4
76.161, 112.636, 26.4
78.282, 112.636, 26.4
74.887, 116.031, 26.4
77.008, 116.031, 26.4
80.403, 112.636, 26.4
82.525, 112.636, 26.4
79.130, 116.031, 26.4
81.251, 116.031, 26.4
84.646, 112.636, 26.4
86.767, 112.636, 26.4
83.372, 116.031, 26.4
85.494, 116.031, 26.4
88.888, 112.636, 26.4
91.010, 112.636, 26.4
87.615, 116.031, 26.4
89.736, 116.031, 26.4
93.131, 112.636, 26.4
95.252, 112.636, 26.4
91.858, 116.031, 26.4
93.979, 116.031, 26.4
97.374, 112.636, 26.4
99.495, 112.636, 26.4
96.100, 116.031, 26.4
98.222, 116.031, 26.4
101.616, 112.636, 26.4
103.738, 112.636, 26.4
100.343, 116.031, 26.4
102.464, 116.031, 26.4
105.859, 112.636, 26.4
107.980, 112.636, 26.4
104.586, 116.031, 26.4
106.707, 116.031, 26.4
110.102, 112.636, 26.4
112.223, 112.636, 26.4
108.828, 116.031, 26.4
110.950, 116.031, 26.4
114.344, 112.636, 26.4
116.466, 112.636, 26.4
113.071, 116.031, 26.4
115.192, 116.031, 26.4
118.587, 112.636, 26.4
120.708, 112.636, 26.4
117.313, 116.031, 26.4
119.435, 116.031, 26.4
122.830, 112.636, 26.4
124.951, 112.636, 26.4
121.556, 116.031, 26.4
123.677, 116.031, 26.4
127.072, 112.636, 26.4
129.194, 112.636, 26.4
125.799, 116.031, 26.4
127.920, 116.031, 26.4
131.315, 112.636, 26.4
133.436, 112.636, 26.4
130.041, 116.031, 26.4
132.163, 116.031, 26.4
135.558, 112.636, 26.4
137.679, 112.636, 26.4
134.284, 116.031, 26.4
136.405, 116.031, 26.4
139.800, 112.636, 26.4
141.921, 112.636, 26.4
138.527, 116.031, 26.4
140.648, 116.031, 26.4
144.043, 112.636, 26.4
146.164, 112.636, 26.4
142.769, 116.031, 26.4
144.891, 116.031, 26.4
148.285, 112.636, 26.4
150.407, 112.636, 26.4
147.012, 116.031, 26.4
149.133, 116.031, 26.4
151.074, 114.090, 26.4
151.074, 114.090, 27.3
61.876, 107.000, 27.3
152.124, 107.000, 27.3
60.750, 97.445, 27.3
60.750, 116.555, 27.3
153.250, 116.555, 27.3
153.250, 107.000, 27.3
153.250, 97.445, 27.3
60.750, 97.445, 27.3
59.250, 95.945, 27.3
59.250, 118.055, 27.3
154.750, 118.055, 27.3
154.750, 107.000, 27.3
154.750, 95.945, 27.3
59.250, 95.945, 27.3
60.070, 96.764, 27.3
58.570, 95.264, 27.3
57.750, 94.445, 27.3
57.750, 119.555, 27.3
156.250, 119.555, 27.3
156.250, 107.000, 27.3
156.250, 94.445, 27.3
57.750, 94.445, 27.3
57.750, 95.195, 27.3
60.070, 96.764, 27.3
62.175, 98.870, 27.3
62.175, 105.948, 27.3
151.825, 105.948, 27.3
151.825, 102.409, 27.3
151.825, 98.870, 27.3
62.175, 98.870, 27.3
64.891, 105.196, 27.3
62.924, 103.229, 27.3
62.924, 101.108, 27.3
67.013, 105.196, 27.3
69.134, 105.196, 27.3
63.557, 99.620, 27.3
65.678, 99.620, 27.3
71.255, 105.196, 27.3
73.377, 105.196, 27.3
67.800, 99.620, 27.3
69.921, 99.620, 27.3
75.498, 105.196, 27.3
77.619, 105.196, 27.3
72.042, 99.620, 27.3
74.164, 99.620, 27.3
79.741, 105.196, 27.3
81.862, 105.196, 27.3
76.285, 99.620, 27.3
78.406, 99.620, 27.3
83.983, 105.196, 27.3
86.105, 105.196, 27.3
80.528, 99.620, 27.3
82.649, 99.620, 27.3
88.226, 105.196, 27.3
90.347, 105.196, 27.3
84.770, 99.620, 27.3
86.892, 99.620, 27.3
92.469, 105.196, 27.3
94.590, 105.196, 27.3
89.013, 99.620, 27.3
91.134, 99.620, 27.3
96.711, 105.196, 27.3
98.833, 105.196, 27.3
93.256, 99.620, 27.3
95.377, 99.620, 27.3
100.954, 105.196, 27.3
103.075, 105.196, 27.3
97.498, 99.620, 27.3
99.620, 99.620, 27.3
105.196, 105.196, 27.3
107.319, 105.197, 27.3
101.741, 99.620, 27.3
103.862, 99.620, 27.3
109.440, 105.197, 27.3
111.561, 105.197, 27.3
105.983, 99.620, 27.3
108.105, 99.620, 27.3
113.682, 105.197, 27.3
115.804, 105.197, 27.3
110.226, 99.620, 27.3
112.347, 99.620, 27.3
117.925, 105.197, 27.3
120.046, 105.197, 27.3
114.469, 99.620, 27.3
116.590, 99.620, 27.3
122.168, 105.197, 27.3
124.289, 105.197, 27.3
118.711, 99.620, 27.3
120.833, 99.620, 27.3
126.410, 105.197, 27.3
128.532, 105.197, 27.3
122.954, 99.620, 27.3
125.075, 99.620, 27.3
130.653, 105.197, 27.3
132.774, 105.197, 27.3
127.197, 99.620, 27.3
129.318, 99.620, 27.3
134.896, 105.197, 27.3
137.017, 105.197, 27.3
131.439, 99.620, 27.3
133.561, 99.620, 27.3
139.138, 105.197, 27.3
141.260, 105.197, 27.3
135.682, 99.620, 27.3
137.803, 99.620, 27.3
143.381, 105.197, 27.3
145.502, 105.197, 27.3
139.925, 99.620, 27.3
142.046, 99.620, 27.3
147.624, 105.197, 27.3
149.745, 105.197, 27.3
144.167, 99.620, 27.3
146.289, 99.620, 27.3
151.074, 104.405, 27.3
151.074, 102.284, 27.3
148.410, 99.620, 27.3
150.531, 99.620, 27.3
151.074, 100.163, 27.3
62.176, 108.052, 27.3
62.176, 115.130, 27.3
151.825, 115.130, 27.3
151.825, 111.591, 27.3
151.825, 108.052, 27.3
62.176, 108.052, 27.3
63.467, 114.379, 27.3
62.926, 113.837, 27.3
62.926, 111.716, 27.3
65.589, 114.379, 27.3
67.710, 114.379, 27.3
62.926, 109.595, 27.3
64.254, 108.801, 27.3
69.831, 114.379, 27.3
71.953, 114.379, 27.3
66.375, 108.801, 27.3
68.496, 108.801, 27.3
74.074, 114.379, 27.3
76.195, 114.379, 27.3
70.618, 108.801, 27.3
72.739, 108.801, 27.3
78.317, 114.379, 27.3
80.438, 114.379, 27.3
74.860, 108.801, 27.3
76.982, 108.801, 27.3
82.559, 114.379, 27.3
84.680, 114.379, 27.3
79.103, 108.801, 27.3
81.224, 108.801, 27.3
86.802, 114.379, 27.3
88.923, 114.379, 27.3
83.345, 108.801, 27.3
85.467, 108.801, 27.3
91.044, 114.379, 27.3
93.166, 114.379, 27.3
87.588, 108.801, 27.3
89.709, 108.801, 27.3
95.287, 114.379, 27.3
97.408, 114.379, 27.3
91.831, 108.801, 27.3
93.952, 108.801, 27.3
99.530, 114.379, 27.3
101.651, 114.379, 27.3
96.073, 108.801, 27.3
98.195, 108.801, 27.3
103.772, 114.379, 27.3
105.894, 114.379, 27.3
100.316, 108.801, 27.3
102.437, 108.801, 27.3
108.015, 114.379, 27.3
110.136, 114.379, 27.3
104.559, 108.801, 27.3
106.680, 108.801, 27.3
112.258, 114.379, 27.3
114.379, 114.379, 27.3
108.801, 108.801, 27.3
110.923, 108.801, 27.3
116.500, 114.379, 27.3
118.622, 114.379, 27.3
113.044, 108.801, 27.3
115.165, 108.801, 27.3
120.743, 114.379, 27.3
122.864, 114.379, 27.3
117.287, 108.801, 27.3
119.408, 108.801, 27.3
124.986, 114.379, 27.3
127.107, 114.379, 27.3
121.529, 108.801, 27.3
123.651, 108.801, 27.3
129.228, 114.379, 27.3
131.350, 114.379, 27.3
125.772, 108.801, 27.3
127.893, 108.801, 27.3
133.471, 114.379, 27.3
135.592, 114.379, 27.3
130.015, 108.801, 27.3
132.136, 108.801, 27.3
137.713, 114.379, 27.3
139.835, 114.379, 27.3
134.257, 108.801, 27.3
136.378, 108.801, 27.3
141.956, 114.379, 27.3
144.077, 114.379, 27.3
138.500, 108.801, 27.3
140.621, 108.801, 27.3
146.199, 114.379, 27.3
148.320, 114.379, 27.3
142.742, 108.801, 27.3
144.864, 108.801, 27.3
150.441, 114.379, 27.3
151.074, 112.891, 27.3
146.985, 108.801, 27.3
149.106, 108.801, 27.3
151.074, 110.769, 27.3
151.074, 110.769, 28.2
60.750, 99.446, 28.2
60.750, 114.554, 28.2
153.250, 114.554, 28.2
153.250, 99.446, 28.2
60.750, 99.446, 28.2
59.250, 97.946, 28.2
59.250, 116.054, 28.2
154.750, 116.054, 28.2
154.750, 97.946, 28.2
59.250, 97.946, 28.2
60.070, 98.765, 28.2
58.570, 97.265, 28.2
57.750, 96.446, 28.2
57.750, 117.554, 28.2
156.250, 117.554, 28.2
156.250, 96.446, 28.2
57.750, 96.446, 28.2
57.750, 97.196, 28.2
60.070, 98.765, 28.2
62.175, 100.871, 28.2
62.175, 113.129, 28.2
151.825, 113.129, 28.2
151.825, 107.000, 28.2
151.825, 100.871, 28.2
62.175, 100.871, 28.2
62.924, 102.538, 28.2
63.842, 101.620, 28.2
65.963, 101.620, 28.2
62.924, 104.659, 28.2
62.924, 106.780, 28.2
68.085, 101.620, 28.2
70.206, 101.620, 28.2
62.924, 108.902, 28.2
62.924, 111.023, 28.2
72.327, 101.620, 28.2
74.449, 101.620, 28.2
63.690, 112.379, 28.2
65.811, 112.379, 28.2
76.570, 101.620, 28.2
78.691, 101.620, 28.2
67.933, 112.379, 28.2
70.054, 112.379, 28.2
80.813, 101.620, 28.2
82.934, 101.620, 28.2
72.175, 112.379, 28.2
74.297, 112.379, 28.2
85.055, 101.620, 28.2
87.177, 101.620, 28.2
76.418, 112.379, 28.2
78.539, 112.379, 28.2
89.298, 101.620, 28.2
91.419, 101.620, 28.2
80.661, 112.379, 28.2
82.782, 112.379, 28.2
93.541, 101.620, 28.2
95.662, 101.620, 28.2
84.903, 112.379, 28.2
87.025, 112.379, 28.2
97.783, 101.620, 28.2
99.904, 101.620, 28.2
89.146, 112.379, 28.2
91.267, 112.379, 28.2
102.026, 101.620, 28.2
104.147, 101.620, 28.2
93.389, 112.379, 28.2
95.510, 112.379, 28.2
106.268, 101.620, 28.2
108.390, 101.620, 28.2
97.631, 112.379, 28.2
99.752, 112.379, 28.2
110.511, 101.620, 28.2
112.632, 101.620, 28.2
101.874, 112.379, 28.2
103.995, 112.379, 28.2
114.754, 101.620, 28.2
116.875, 101.620, 28.2
106.116, 112.379, 28.2
108.238, 112.379, 28.2
118.996, 101.620, 28.2
121.118, 101.620, 28.2
110.359, 112.379, 28.2
112.480, 112.379, 28.2
123.239, 101.620, 28.2
125.360, 101.620, 28.2
114.602, 112.379, 28.2
116.723, 112.379, 28.2
127.482, 101.620, 28.2
129.603, 101.620, 28.2
118.844, 112.379, 28.2
120.966, 112.379, 28.2
131.724, 101.620, 28.2
133.846, 101.620, 28.2
123.087, 112.379, 28.2
125.208, 112.379, 28.2
135.967, 101.620, 28.2
138.088, 101.620, 28.2
127.330, 112.379, 28.2
129.451, 112.379, 28.2
140.210, 101.620, 28.2
142.331, 101.620, 28.2
131.572, 112.379, 28.2
133.694, 112.379, 28.2
144.452, 101.620, 28.2
146.574, 101.620, 28.2
135.815, 112.379, 28.2
137.936, 112.379, 28.2
148.695, 101.620, 28.2
150.816, 101.620, 28.2
140.058, 112.379, 28.2
142.179, 112.379, 28.2
151.074, 103.483, 28.2
151.074, 105.604, 28.2
144.300, 112.379, 28.2
146.422, 112.379, 28.2
151.074, 107.726, 28.2
151.074, 109.847, 28.2
148.543, 112.379, 28.2
150.664, 112.379, 28.2
151.074, 111.968, 28.2
151.074, 111.968, 29.1
60.750, 102.038, 29.1
60.750, 111.962, 29.1
153.250, 111.962, 29.1
153.250, 107.000, 29.1
153.250, 102.038, 29.1
60.750, 102.038, 29.1
59.250, 100.538, 29.1
59.250, 113.462, 29.1
154.750, 113.462, 29.1
154.750, 107.000, 29.1
154.750, 100.538, 29.1
59.250, 100.538, 29.1
60.070, 101.357, 29.1
58.570, 99.857, 29.1
57.750, 99.038, 29.1
57.750, 114.962, 29.1
156.250, 114.962, 29.1
156.250, 107.000, 29.1
156.250, 99.038, 29.1
57.750, 99.038, 29.1
57.750, 99.788, 29.1
60.070, 101.357, 29.1
62.175, 103.463, 29.1
62.175, 110.537, 29.1
151.825, 110.537, 29.1
151.825, 107.000, 29.1
151.825, 103.463, 29.1
62.175, 103.463, 29.1
65.238, 109.786, 29.1
62.924, 107.472, 29.1
62.924, 105.351, 29.1
67.359, 109.786, 29.1
69.481, 109.786, 29.1
63.907, 104.212, 29.1
66.028, 104.212, 29.1
71.602, 109.786, 29.1
73.723, 109.786, 29.1
68.150, 104.212, 29.1
70.271, 104.212, 29.1
75.844, 109.786, 29.1
77.966, 109.786, 29.1
72.392, 104.212, 29.1
74.514, 104.212, 29.1
80.087, 109.786, 29.1
82.208, 109.786, 29.1
76.635, 104.212, 29.1
78.756, 104.212, 29.1
84.330, 109.786, 29.1
86.451, 109.786, 29.1
80.878, 104.212, 29.1
82.999, 104.212, 29.1
88.572, 109.786, 29.1
90.694, 109.786, 29.1
85.120, 104.212, 29.1
87.242, 104.212, 29.1
92.815, 109.786, 29.1
94.936, 109.786, 29.1
89.363, 104.212, 29.1
91.484, 104.212, 29.1
97.058, 109.786, 29.1
99.179, 109.786, 29.1
93.606, 104.212, 29.1
95.727, 104.212, 29.1
101.300, 109.786, 29.1
103.422, 109.786, 29.1
97.848, 104.212, 29.1
99.970, 104.212, 29.1
105.543, 109.786, 29.1
107.664, 109.786, 29.1
102.091, 104.212, 29.1
104.212, 104.212, 29.1
109.786, 109.786, 29.1
111.907, 109.786, 29.1
106.334, 104.212, 29.1
108.455, 104.212, 29.1
114.028, 109.786, 29.1
116.150, 109.786, 29.1
110.576, 104.212, 29.1
112.697, 104.212, 29.1
118.271, 109.786, 29.1
120.392, 109.786, 29.1
114.819, 104.212, 29.1
116.940, 104.212, 29.1
122.514, 109.786, 29.1
124.635, 109.786, 29.1
119.061, 104.212, 29.1
121.183, 104.212, 29.1
126.756, 109.786, 29.1
128.877, 109.786, 29.1
123.304, 104.212, 29.1
125.425, 104.212, 29.1
130.999, 109.786, 29.1
133.120, 109.786, 29.1
127.547, 104.212, 29.1
129.668, 104.212, 29.1
135.241, 109.786, 29.1
137.363, 109.786, 29.1
131.789, 104.212, 29.1
133.911, 104.212, 29.1
139.484, 109.786, 29.1
141.605, 109.786, 29.1
136.032, 104.212, 29.1
138.153, 104.212, 29.1
143.727, 109.786, 29.1
145.848, 109.786, 29.1
140.275, 104.212, 29.1
142.396, 104.212, 29.1
147.969, 109.786, 29.1
150.091, 109.786, 29.1
144.517, 104.212, 29.1
146.639, 104.212, 29.1
151.074, 108.648, 29.1
151.074, 106.527, 29.1
148.760, 104.212, 29.1
148.495, 103.947, 29.1
148.495, 103.947, 30.0
60.938, 106.062, 30.0
60.938, 107.938, 30.0
153.062, 107.938, 30.0
153.062, 107.000, 30.0
153.062, 106.062, 30.0
60.938, 106.062, 30.0
60.070, 105.193, 30.0
59.250, 104.374, 30.0
59.250, 109.626, 30.0
154.750, 109.626, 30.0
154.750, 107.000, 30.0
154.750, 104.374, 30.0
59.250, 104.374, 30.0
60.070, 105.193, 30.0
58.570, 103.693, 30.0
57.750, 102.874, 30.0
57.750, 111.126, 30.0
156.250, 111.126, 30.0
156.250, 107.000, 30.0
156.250, 102.874, 30.0
57.750, 102.874, 30.0
57.750, 103.624, 30.0
