-20.0, -9.952375679774704, 43.06240059596144, -0.0022272380491786315, -0.7566218832226359, 0.6538488856297793
-20.0, -19.999998092651367, 32.39616398093758, 0.029343452724453743, -0.19415632176580555, 0.9805316336052502
-18.991340959064893, -19.999998092651367, 32.359161376953125, 0.02936326916676814, -0.19425629875272274, 0.9805112384969041
-20.0, -2.7448965359286106, 46.610165109916906, -8.453141782553736e-05, -0.13137600140676092, 0.9913326077098495
-20.0, -5.378598066323043, 45.84042889812858, -0.0003873726681896717, -0.2598644651520877, 0.9656450226111224
-20.0, 15.539196517242587, 37.17075670260051, -0.007616719910208756, 0.5488927760500459, 0.8358580656893152
-20.0, 11.176470588235297, 42.61461744121477, -1.645709241497961e-05, 0.7621262704963622, 0.6474284111378417
-20.0, 8.305793206322363, 44.9529303184342, -8.660853161527892e-06, 0.4332104974398464, 0.9012927742043151
-20.0, 3.147398957084434, 47.02829265837539, -1.6167645901045586e-05, 0.18033580405307686, 0.98360510242431
-20.0, -1.2915773283257508, 47.255026984677215, 0.0001487819524445818, -0.05891122341166738, 0.9982632145982698
-20.0, -4.962695532350558, 46.57861881641762, -0.00010019459715189013, -0.22038821848771212, 0.9754122323986179
-20.0, -9.814648976336777, 43.864389707802744, -0.002700649175869062, -0.75910741360811, 0.6509597845483505
-20.0, -19.999998092651367, 33.09924928276474, 0.0289676983839362, -0.19226048929954445, 0.9809162944434335
0.1741574078762227, -19.999998092651367, 32.359161376953125, 0.023675656317833964, -0.15905537926075816, 0.9869857393225782
20.0, 5.378558742361911, 45.84044521400629, 0.0003873658406360596, 0.2598612699172262, 0.9656458824769628
20.0, 2.744830584970117, 46.61017350753237, 8.452815759275826e-05, 0.13137271788640575, 0.9913330428519618
18.99128966283555, 20.0, 32.359161376953125, -0.029363268723020104, 0.1942562551729802, 0.9805112471440957
20.0, 20.0, 32.396165863291905, -0.029343451271098633, 0.19415627314374456, 0.9805316432764586
20.0, 9.952453380414177, 43.06232952116618, 0.0022270818904762315, 0.7566196972428372, 0.6538514157286885
-0.1742067433001182, 20.0, 32.359161376953125, -0.023675639768928076, 0.15905525760927877, 0.9869857593240026
20.0, 20.0, 33.099251103729124, -0.02896769693620285, 0.19226044167839587, 0.9809163038199744
20.0, 9.81465180841704, 43.86438727643255, 0.0027006437166177902, 0.7591072351597535, 0.6509599926659323
20.0, 4.962695557837293, 46.57861879945882, 0.00010019453994710586, 0.22038732805925343, 0.9754124335848693
20.0, 1.2915774307865178, 47.25502706757371, -0.0001487819315630717, 0.05891101866557902, 0.9982632266810796
20.0, -3.1473991487222293, 47.0282929672898, 1.616771583245728e-05, -0.18033579224433136, 0.9836051045893441
20.0, -8.305790301158552, 44.952932193639114, 8.661055516475739e-06, -0.4332105109347494, 0.9012927677179261
20.0, -11.176470555645935, 42.61461745614231, 1.64571504830854e-05, -0.7621263496471468, 0.647428317964759
20.0, -15.539190186867977, 37.17076249315876, 0.007616709776752718, -0.5488932520099611, 0.8358577532272499
19.98586830993421, -19.999998092651367, 32.372459593584054, 0.017865296062220853, -0.12313806183325908, 0.9922287281290326
20.0, -10.017841224346554, 44.38578110516513, -0.0015291722501904006, -0.795621155285449, 0.6057925708478742
20.0, -5.263919298952366, 47.0477905066755, 2.858428642828597e-05, -0.39075564308349015, 0.9204944467954962
20.0, -1.6648220628811217, 47.70880346974331, 2.974056170616183e-05, -0.011003634544082794, 0.9999394577384769
20.0, 3.4919285108966562, 47.497919397924996, -0.0002463298879505137, 0.13409919809422283, 0.9909678826238882
20.0, 8.540909441966363, 45.456510667349065, -0.0002797656222984527, 0.5014187817758139, 0.8652046734811685
20.0, 11.353913875707647, 43.165344036338894, -0.0003490555983150551, 0.7122906996082504, 0.7018844900778036
20.0, 20.0, 33.83934083050515, -0.028573758225357262, 0.1902726705703984, 0.9813153678481181
-20.0, 20.0, 32.37242336583142, -0.01786531148587571, 0.12313799632694315, 0.9922287359808213
-20.0, 10.017844036732981, 44.38577871910242, 0.0015291691121107056, 0.795621002805181, 0.6057927711165798
-20.0, 5.26391939432709, 47.04779054019551, -2.8584185041317128e-05, 0.3907556234122485, 0.9204944551460641
-20.0, 1.6648221941052412, 47.70880354217742, -2.9740457203627662e-05, 0.01100367280004901, 0.9999394573174991
-20.0, -3.4919279951239446, 47.49791879474764, 0.0002463297846394531, -0.13409970767324964, 0.9909678136668144
-20.0, -8.54090657022109, 45.45651253346102, 0.0002797673678980096, -0.5014186264984241, 0.8652047634696968
-20.0, -11.353913813876517, 43.16534407722364, 0.00034905563286510757, -0.7122908044820521, 0.7018843836490996
-20.0, -19.999998092651367, 33.83933907416175, 0.028573759667608507, -0.19027271714422303, 0.9813153587756651
19.98586830993421, -19.999998092651367, 32.372459593584054, 0.017865296062220853, -0.12313806183325908, 0.9922287281290326
20.0, -19.999998092651367, 33.14033135188835, 0.017449050082602405, -0.12401696948573353, 0.9921266662734096
20.0, -10.22155871723367, 44.908520281112764, -0.0014959590116656446, -0.7891707943259747, 0.614171978756395
20.0, -5.564655609395587, 47.516202958602236, 4.779015693883346e-05, -0.38661360096425074, 0.9222417911077094
20.0, -2.0390093394093753, 48.1637258608166, 4.552984805702056e-05, -0.013281631328559848, 0.9999117942080117
20.0, 3.829794423702694, 47.958462957339165, -0.000420409410093069, 0.13359722491818307, 0.9910356223416433
20.0, 8.775439325961159, 45.958835147364496, -0.0004744929812863882, 0.4950936716310906, 0.8688394737621309
20.0, 11.530870813561464, 43.71456115948881, -0.0005277571483772478, 0.7049485268909005, 0.7092582716519713
20.0, 20.0, 34.57943055728118, -0.02818144756546969, 0.1882929191185787, 0.9817085018593447
-20.0, 20.0, 33.140333093059354, -0.017449044871945523, 0.1240169480327885, 0.9921266690466946
-20.0, 10.221561505371085, 44.90851792891665, 0.0014959559538127844, 0.7891706395406635, 0.6141721776527853
-20.0, 5.564655733218373, 47.5162029781507, -4.7789985843831455e-05, 0.3866135814706764, 0.9222417992796325
-20.0, 2.0390094962663596, 48.16372591886768, -4.5529686237891894e-05, 0.013281668942530037, 0.9999117937083993
-20.0, -3.829793892539456, 47.958462384350405, 0.0004204094016062258, -0.13359772637100806, 0.9910355547428318
-20.0, -8.775436483040657, 45.958836994745596, 0.0004744947468351008, -0.4950935180640451, 0.8688395612687663
-20.0, -11.530870720814775, 43.71456122081592, 0.0005277572025205787, -0.7049486323335187, 0.7092581668500101
-20.0, -19.999998092651367, 34.57942886555876, 0.028181449002685714, -0.18829296465149367, 0.9817084930848161
20.0, -19.999998092651367, 33.14033135188835, 0.017449050082602405, -0.12401696948573353, 0.9921266662734096
20.0, -19.999998092651367, 33.908241137627805, 0.01703644977642794, -0.12488802747718272, 0.9920245662138985
20.0, -10.425276210120792, 45.43125945706039, 7.200952446032969e-05, -0.604664894894761, 0.7964799807255272
20.0, -5.8653919198388, 47.984615410528974, 6.708137295729942e-05, -0.38244507681363754, 0.923978224159585
20.0, -2.413196615937636, 48.618648251889894, 6.148552083756817e-05, -0.015583598093876912, 0.9998785664719386
20.0, 4.167660336508739, 48.41900651675334, -0.0005961271407829914, 0.1330904886074421, 0.9911037112606653
20.0, 9.009969209955948, 46.461159627379935, -0.0006708687331456153, 0.4886874791245944, 0.8724586509869634
20.0, 11.707827751415287, 44.263778282638725, -0.0007092519569121001, 0.697410992656564, 0.7166710572385687
20.0, 20.0, 35.319520284057205, -0.027790759884734825, 0.18632116432901089, 0.9820957679310662
-20.0, 20.0, 33.908242820287285, -0.017036444634932018, 0.12488800635388769, 0.9920245689614506
-20.0, 10.425278974009188, 45.431257138730885, -7.200918127775273e-05, 0.6046650021941432, 0.7964798992669148
-20.0, 5.865392072109657, 47.98461541610589, -6.708113181056063e-05, 0.38244505750714025, 0.9239782321507806
-20.0, 2.413196798427478, 48.61864829555793, -6.148530106958331e-05, 0.01558363505483061, 0.9998785658958969
-20.0, -4.167659789954968, 48.41900597395316, 0.0005961272265349115, -0.13309098186055326, 0.9911036450239318
-20.0, -9.009966395860218, 46.46116145603018, 0.000670870518273823, -0.4886873273260256, 0.8724587360120211
-20.0, -11.707827627753034, 44.26377836440822, 0.000709252032264432, -0.6974110985990737, 0.7166709541431044
-20.0, -19.999998092651367, 35.31951865695577, 0.027790761317362418, -0.1863212088274144, 0.9820957594483811
20.0, -19.999998092651367, 33.908241137627805, 0.01703644977642794, -0.12488802747718272, 0.9920245662138985
20.0, -19.999998092651367, 34.67615092336726, 0.016627468771094823, -0.1257512954928159, 0.9919224460431092
20.0, -10.628993703007914, 45.95399863300803, 9.073101288669217e-05, -0.597543096245276, 0.8018367913094858
20.0, -6.16612823028202, 48.45302786245572, 8.645731650742353e-05, -0.3782500956481681, 0.9257034393731526
20.0, -2.78738389246589, 49.0735706429632, 7.760996625311839e-05, -0.017909877981078792, 0.9998396022599805
20.0, 4.505526249314784, 48.879550076167504, -0.000773506158073696, 0.13257892149930564, 0.9911721501647959
20.0, 9.244499093950736, 46.963484107395374, -0.0008688815687294215, 0.4821998658636942, 0.8760608051989626
20.0, 11.884784689269111, 44.81299540578864, -0.0008935436837944921, 0.6896740970584423, 0.7241193557876404
20.0, 20.0, 36.05961001083323, -0.027401690066155674, 0.18435738295251083, 0.982477227589739
-20.0, 20.0, 34.676152547515215, -0.016627463696891373, 0.12575127469887107, 0.9919224487643263
-20.0, 10.628996442647292, 45.95399634854512, -9.073060249900686e-05, 0.5975432025885828, 0.80183671206059
-20.0, 6.1661284110009404, 48.453027854061084, -8.645700496711746e-05, 0.37825007653825804, 0.9257034471816491
-20.0, 2.7873841005885964, 49.073570672248195, -7.760968789464096e-05, 0.01790991427777364, 0.9998396016098278
-20.0, -4.505525687370479, 48.879549563555926, 0.000773506337444936, -0.13257940647821617, 0.9911720852938857
-20.0, -9.244496308679786, 46.963485917314756, 0.0008688833730778816, -0.48219971589206045, 0.8760608877442824
-20.0, -11.884784534691292, 44.812995508000505, 0.0008935437820230102, -0.6896742034268696, 0.7241192544788618
-20.0, -19.999998092651367, 36.05960844835279, 0.02740169149464131, -0.18435742642279385, 0.982477219392896
20.0, -19.999998092651367, 34.67615092336726, 0.016627468771094823, -0.1257512954928159, 0.9919224460431092
20.0, -19.999998092651367, 35.444060709106715, 0.016222060770683097, -0.1266068751860727, 0.9918203183540708
20.0, -10.83271119589503, 46.476737808955654, 0.00010961801526915796, -0.590307442252772, 0.8071784880711831
20.0, -6.466864540725233, 48.92144031438246, 0.00010591734299955975, -0.37402868828839686, 0.9274171278981093
20.0, -3.1615711689941435, 49.52849303403649, 9.390561027573053e-05, -0.020260819834161593, 0.9997947241115969
20.0, 3.1676791037608183, 49.53591855441134, -0.0009900961654903198, 0.06222721775468551, 0.9980615176832007
20.0, 8.015302339621421, 48.28536493480607, -0.0011373893706096002, 0.4054093636662675, 0.9141345383460422
20.0, 12.061741627122927, 45.36221252893856, -0.0010806321450611788, 0.6817339012838469, 0.7315994259664733
20.0, 20.0, 36.79969973760926, -0.027014232949116205, 0.18240155149275922, 0.9828529418133749
-20.0, 20.0, 35.44406227474314, -0.016222055761945027, 0.12660685472114466, 0.9918203210483617
-20.0, 10.832713911285396, 46.476735558359366, -0.00010961753712615837, 0.5903075475844319, 0.8071784110398699
-20.0, 6.466864749892224, 48.92144029201628, -0.00010591696072568377, 0.37402866938468204, 0.9274171355220484
-20.0, 3.161571402749715, 49.528493048938444, -9.39052726756317e-05, 0.020260855455152986, 0.9997947233897693
-20.0, -3.167678891534635, 49.53591856642741, 0.0009900964963869894, -0.062227407885830636, 0.9980615058285429
-20.0, -8.015299462389159, 48.285366230404726, 0.0011373900795208418, -0.40540925850867054, 0.9141345849814768
-20.0, -12.06174144162955, 45.36221265159279, 0.0010806322678832683, -0.681734007999004, 0.7315993265247827
-20.0, -19.999998092651367, 36.799698239749794, 0.02701423437390609, -0.18240159394129749, 0.9828529338964531
20.0, -19.999998092651367, 35.444060709106715, 0.016222060770683097, -0.1266068751860727, 0.9918203183540708
20.0, -19.999998092651367, 36.21197049484617, 0.015820180245628132, -0.12745486649128834, 0.9917181953078624
20.0, -11.036428688782152, 46.99947698490328, 0.00012866808731683976, -0.5829574687033999, 0.8125026603817663
20.0, -6.767600851168453, 49.389852766309204, 0.00012546078095783563, -0.36978089146348, 0.9291189786932924
20.0, -3.5357584455224043, 49.98341542510978, 0.00011037491928412386, -0.022636778291286096, 0.9997437492107507
20.0, 3.5428994383556756, 49.99209685177887, -0.001163828117163399, 0.0629119297432944, 0.998018403938569
20.0, 8.282461116706656, 48.76942014531407, -0.0013345749852474206, 0.399887396577589, 0.9165633033064365
20.0, 12.238698564976751, 45.91142965208847, -0.0012705130408723233, 0.6735865429405956, 0.7391072689170026
20.0, 20.0, 37.53978946438528, -0.02662838333092572, 0.18045364621428295, 0.9832229710341148
-20.0, 20.0, 36.21197200197107, -0.015820175300568732, 0.12745484635501125, 0.9917181979746463
-20.0, 11.0364313799235, 46.9994747681736, -0.000128667540876134, 0.5829575729671735, 0.8125025855742777
-20.0, 6.767601088783508, 49.38985272997147, -0.0001254603276127721, 0.3697808727757366, 0.9291189861309048
-20.0, 3.535758704910833, 49.983415425628706, -0.00011037452178137231, 0.022636813224908337, 0.9997437484198066
-20.0, -3.5428992041764076, 49.99209688277745, 0.00116382851004413, -0.06291211684882406, 0.998018392143551
-20.0, -8.2824582723686, 48.769421432458444, 0.0013345757266400391, -0.39988729315160443, 0.9165633484290722
-20.0, -12.238698348567809, 45.911429795185086, 0.001270513190053637, -0.673586649917935, 0.7391071714227695
-20.0, -19.999998092651367, 37.539788031146806, 0.026628384752465616, -0.18045368764743797, 0.9832229633912725
20.0, -19.999998092651367, 36.21197049484617, 0.015820180245628132, -0.12745486649128834, 0.9917181953078624
20.0, -19.999998092651367, 36.97988028058563, 0.015421782417374262, -0.12829536765895122, 0.9916160886473785
20.0, -11.240146181669267, 47.52221616085092, 0.00014787857441449844, -0.5754927919738694, 0.8178068381458105
20.0, -7.068337161611673, 49.85826521823594, 0.00014508693175882662, -0.3655067479148763, 0.9308086786114929
20.0, -3.909945722050651, 50.43833781618308, 0.00012702040070699573, -0.02503811387653424, 0.9996864892151557
20.0, 3.918119772950533, 50.4482751491464, -0.0013394520046965148, 0.06360406853291466, 0.9979743124621931
20.0, 8.549619893791885, 49.253475355822076, -0.001533221840538651, 0.394308396186677, 0.9189768973850639
20.0, 12.415655502830575, 46.46064677523839, -0.0014631776779387793, 0.6652282524882721, 0.746638621558303
20.0, 20.0, 38.27987919116131, -0.026244135968335705, 0.17851364315029897, 0.9835873751408583
-20.0, 20.0, 36.979881729199, -0.015421777534246242, 0.12829534785092875, 0.991616091286085
-20.0, 11.240148848561596, 47.52221397798783, -0.0001478779591419358, 0.5754928951129897, 0.8178067655666457
-20.0, 7.068337427674791, 49.85826516792667, -0.00014508640700710266, 0.3655067294529655, 0.930808685861134
-20.0, 3.9099460070719445, 50.438337802318955, -0.00012701994263073491, 0.025038148110878296, 0.9996864883577811
-20.0, -3.9181195168181873, 50.448275199127494, 0.0013394524595344572, -0.06360425257724915, 0.9979743007318367
-20.0, -8.549617082348043, 49.25347663451216, 0.001533222614709211, -0.3943082945189701, 0.9189769410066582
-20.0, -12.415655255506067, 46.46064693877737, 0.0014631778552912861, -0.665228359637744, 0.7466385260916022
-20.0, -19.999998092651367, 38.279877822543824, 0.026244137387070852, -0.17851368357441744, 0.9835873677663318
20.0, -19.999998092651367, 36.97988028058563, 0.015421782417374262, -0.12829536765895122, 0.9916160886473785
20.0, -19.999998092651367, 37.74779006632509, 0.015026823243383634, -0.12912847529012378, 0.9915140097106344
20.0, -11.44386367455639, 48.04495533679855, 0.00016724660736775924, -0.567913113009764, 0.8230884934805802
20.0, -7.369073472054886, 50.32667767016268, 0.0001647950693796257, -0.36120630649853247, 0.9324859124878366
20.0, -4.284132998578912, 50.893260207256375, 0.00014384460367080962, -0.027465193092070832, 0.9996227500798215
20.0, 4.29334010754539, 50.90445344651393, -0.001516998627834179, 0.06430375453317679, 0.9979292188667992
20.0, 8.816778670877127, 49.73753056633008, -0.0017333239291849245, 0.3886721619464419, 0.9213744874458134
20.0, 12.592612440684391, 47.00986389838831, -0.001658612687670364, 0.656655370716999, 0.7541889505372463
20.0, 20.0, 39.019968917937334, -0.025861485579029647, 0.1765815181104232, 0.9839462134819483
-20.0, 20.0, 37.74779145642693, -0.015026818420478158, 0.12912845580992915, 0.9915140123207041
-20.0, 11.4438663171997, 48.04495318780207, -0.00016724592273822605, 0.5679132149669381, 0.8230884231324832
-20.0, 7.369073766566075, 50.326677605881855, -0.00016479447288812602, 0.3612062882724549, 0.9324859195479671
-20.0, 4.284133309233063, 50.89326017900922, -0.00014384408434015692, 0.027465226615037835, 0.9996227491588333
-20.0, -4.293339829459967, 50.904453515477535, 0.00151699914459317, -0.06430393548013306, 0.9979292072062839
-20.0, -8.816775892327485, 49.73753183656588, 0.0017333247364455812, -0.38867206206351457, 0.9213745295788535
-20.0, -12.592612162444325, 47.00986408236966, 0.0016586128950496542, -0.6566554779429312, 0.7541888571775673
-20.0, -19.999998092651367, 39.019967613940835, 0.025861486995404796, -0.17658155753183524, 0.9839462063700524
20.0, -19.999998092651367, 37.74779006632509, 0.015026823243383634, -0.12912847529012378, 0.9915140097106344
20.0, -19.999998092651367, 38.51569985206454, 0.014635259402491042, -0.129954284370043, 0.9914119694436273
20.0, -11.647581167443505, 48.56769451274618, 0.00018676909848260628, -0.5602182212906974, 0.828345042630902
20.0, -7.669809782498106, 50.79509012208942, 0.0001845844401576459, -0.3568796222859451, 0.934150363231544
20.0, -4.658320275107172, 51.34818259832967, 0.0001608501196505652, -0.02991838851093817, 0.9995523318746985
20.0, 4.6685604421402545, 51.36063174388144, -0.0016964994523517467, 0.06501111074641705, 0.9978830980476247
20.0, 9.083937447962356, 50.22158577683808, -0.0019348744798847895, 0.38297851182516696, 0.9237552250141416
20.0, 12.769569378538215, 47.559081021538226, -0.0018567997414916325, 0.6478643672670836, 0.7617534469369608
20.0, 20.0, 39.76005864471336, -0.025480426843085765, 0.17465724668824384, 0.9842995448679106
-20.0, 20.0, 38.51570118365486, -0.014635254638136808, 0.12995426521722128, 0.9914119720245106
-20.0, 11.647583785837803, 48.56769239761631, -0.00018676834398051857, 0.560218322008239, 0.8283449745147602
-20.0, 7.669810105457358, 50.79509004383705, -0.00018458377159572386, 0.3568796043058048, 0.9341503701007474
-20.0, 4.658320611394181, 51.34818255569947, -0.00016084953837430474, 0.029918421310159857, 0.9995523308930522
-20.0, -4.6685601421017395, 51.360631831827575, 0.0016965000309837502, -0.06501128855917795, 0.997883086462297
-20.0, -9.083934702306927, 50.221587038619596, 0.0019348753205644937, -0.3829784137532935, 0.9237552656718688
-20.0, -12.769569069382584, 47.55908122596195, 0.0018567999807940292, -0.6478644744680685, 0.7617533557629034
-20.0, -19.999998092651367, 39.76005740533785, 0.025480428257544714, -0.1746572851132683, 0.9842995380130353
20.0, -19.999998092651367, 38.51569985206454, 0.014635259402491042, -0.129954284370043, 0.9914119694436273
20.0, -19.999998092651367, 39.283609637804005, 0.014247048280595894, -0.1307728883009293, 0.9913099784127682
20.0, -11.851298660330627, 49.09043368869381, 0.00020644273801334514, -0.5524079987667155, 0.8335738481262163
20.0, -7.970546092941319, 51.263502574016165, 0.00020464160004641545, -0.28370275084819124, 0.9589122521289342
20.0, -5.032507551635426, 51.80310498940297, 0.00017803958312273113, -0.032398078869911286, 0.9994750285962356
20.0, 5.043780776735112, 51.81681004124897, -0.0018779866279774614, 0.06572626283713318, 0.9978359241577189
20.0, 9.351096225047591, 50.70564098734609, -0.002137865937037826, 0.3772272830849571, 0.9261182464596931
20.0, 12.946526316392038, 48.10829814468814, -0.00205771526497422, 0.6388518601722738, 0.7693270218589191
20.0, 20.0, 40.50014837148939, -0.025100954404413033, 0.17274080426875899, 0.9846474275742408
-20.0, 20.0, 39.28361091088279, -0.014247043573158275, 0.1307728694749977, 0.9913099809639262
-20.0, 11.851301254475906, 49.090431607430546, -0.00020644191313332812, 0.5524080981866111, 0.8335737822410132
-20.0, 7.970546444348642, 51.263502481792244, -0.0002046408548013342, 0.2837027394029464, 0.958912255515271
-20.0, 5.0325079135553, 51.80310493238973, -0.00017803893919931675, 0.032398110932802864, 0.999475027557028
-20.0, -5.043780454743512, 51.81681014817761, 0.0018779872684243286, -0.06572643747822968, 0.9978359126530975
-20.0, -9.351093512286369, 50.70564224067331, 0.0021378668114833384, -0.37722718685013984, 0.9261182856561175
-20.0, -12.946525976320842, 48.108298369554234, 0.002057715538133306, -0.6388519672410755, 0.7693269329478671
-20.0, -19.999998092651367, 40.50014719673486, 0.025100955817398962, -0.1727408417036952, 0.9846474209708529
20.0, -19.999998092651367, 39.283609637804005, 0.014247048280595894, -0.1307728883009293, 0.9913099784127682
20.0, -19.999998092651367, 40.05151942354345, 0.01386214795668267, -0.13158437893401884, 0.9912080468169009
20.0, -12.05501615321775, 49.61317286464144, 0.0002262639910136177, -0.5444824237494009, 0.8387722211855755
20.0, -8.27128240338454, 51.7319150259429, 0.000223873498336711, -0.2809209875250742, 0.9597308730308689
20.0, -5.40669482816368, 52.258027380476264, 0.00019541567222077384, -0.03490464916281522, 0.9993906279726341
20.0, 5.419001111329969, 52.2729883386165, -0.0020614930068976137, 0.06644933920364163, 0.9977876705822646
20.0, 9.618255002132827, 51.18969619785409, -0.002342289940611335, 0.3714183330683781, 0.9284626732069209
20.0, 13.123483254245855, 48.657515267838065, -0.0022613301526398307, 0.6296146363976937, 0.7769043029998873
20.0, 20.0, 41.24023809826541, -0.0247230628721608, 0.17083216603569373, 0.98498991934424
-20.0, 20.0, 40.05152063811072, -0.01386214330456279, 0.131584360434468, 0.9912080493378047
-20.0, 12.05501872311401, 49.61317081724478, -0.00022626309526103388, 0.5444825218134505, 0.8387721575282987
-20.0, 8.271282783239926, 51.73191491974744, -0.0002238726827324303, 0.28092097626235357, 0.9597308763277485
-20.0, 5.406695215716418, 52.25802730907999, -0.00019541496493797743, 0.03490468047653672, 0.9993906268791108
-20.0, -5.419000767385292, 52.27298846452766, 0.0020614937090901848, -0.06644951063496515, 0.9977876591640434
-20.0, -9.61825232226581, 51.189697442727024, 0.0023422908491873996, -0.3714182386963368, 0.9284627109568208
-20.0, -13.1234828832591, 48.65751551314653, 0.0022613304616228482, -0.6296147432211799, 0.7769042164276564
-20.0, -19.999998092651367, 41.240236988131876, 0.02472306428411602, -0.1708322024868181, 0.9849899129868825
20.0, -19.999998092651367, 40.05151942354345, 0.01386214795668267, -0.13158437893401884, 0.9912080468169009
20.0, -19.999998092651367, 40.819429209282916, 0.013480517189161349, -0.1323888466008435, 0.991106184498922
20.0, -12.258733646104865, 50.135912040589076, 0.0002462290946252709, -0.5364415747402773, 0.8439374243754121
20.0, -8.572018713827752, 52.20032747786964, 0.0002432041279199551, -0.27812228820442036, 0.9605456437128271
20.0, -5.780882104691933, 52.71294977154956, 0.00021298110939121925, -0.03743849073382695, 0.9992989112626012
20.0, 5.794221445924826, 52.72916663598403, -0.0022470521628561503, 0.06718047105212564, 0.9977383099118687
20.0, 9.885413779218055, 51.673751408362094, -0.0025481373062089946, 0.36555153999222995, 0.930787611974707
20.0, 13.300440192099678, 49.20673239098797, -0.0024676094855120793, 0.6201496733300732, 0.7844796323500252
20.0, 20.0, 41.98032782504144, -0.024346746822102916, 0.1689313069786602, 0.9853270773918995
-20.0, 20.0, 40.81943036533865, -0.013480512590795265, 0.1323888284271387, 0.9911061869890526
-20.0, 12.258736191752106, 50.13591002705901, -0.000246228127517224, 0.5364416713900344, 0.8439373629410986
-20.0, 8.57201912213121, 52.20032735770263, -0.0002432032415781645, 0.2781222771281105, 0.9605456469201543
-20.0, 5.780882517877529, 52.71294968577024, -0.00021298033802612742, 0.03743852128530572, 0.9992989101181615
-20.0, -5.7942210800270715, 52.72916678087769, 0.0022470529267137984, -0.0671806392348882, 0.9977382985859249
-20.0, -9.885411132245252, 51.67375264478074, 0.002548138249299797, -0.36555144750836266, 0.9307876482936391
-20.0, -13.300439790197359, 49.20673265673881, 0.0024676098323133185, -0.6201497797892411, 0.7844795481904364
-20.0, -19.999998092651367, 41.98032677952888, 0.02434674823346869, -0.16893134245224112, 0.9853270712751881
20.0, -19.999998092651367, 40.819429209282916, 0.013480517189161349, -0.1323888466008435, 0.991106184498922
20.0, -19.999998092651367, 41.58733899502237, 0.013102115402519703, -0.1331863801437779, 0.991004400957017
20.0, -12.462451138991987, 50.658651216536704, 0.00026633405583985164, -0.5282856341782702, 0.8490666745238761
20.0, -8.872755024270973, 52.66873992979638, 0.00026263375417356736, -0.27530657279501025, 0.96135644898205
20.0, -6.155069381220194, 53.16787216262286, 0.00023073866205085725, -0.04000000137091341, 0.9991996530473762
20.0, 6.169441780519691, 53.185344933351544, -0.0024346984108741436, 0.06791979247298671, 0.9976878139147909
20.0, 8.8833858770315, 52.68529721967122, -0.0027011933793026693, 0.2655160928870507, 0.964102643898627
20.0, 12.470287079083818, 50.67874979636584, -0.0027465104260010085, 0.5215076382519117, 0.853242193005827
20.0, 20.0, 42.72041755181746, -0.023972000797995333, 0.16703820190022375, 0.9856589584048232
-20.0, 20.0, 41.587340092566585, -0.013102110856377558, 0.13318636229536018, 0.9910044034158658
-20.0, 12.46245366039021, 50.65864923687326, -0.000266333016905471, 0.528285729355295, 0.8490666153054589
-20.0, 8.872755461022493, 52.66873979565783, -0.00026263279671485896, 0.2753065619090377, 0.9613564520997606
-20.0, 6.155069820038648, 53.1678720624605, -0.00023073782586955727, 0.04000003114681012, 0.9991996518555788
-20.0, -6.169441392668844, 53.18534509722774, 0.002434699236304953, -0.06791995736771043, 0.9976878026871918
-20.0, -8.883385509743732, 52.68529746406329, 0.002701193784742812, -0.26551588727733605, 0.9641027005228573
-20.0, -12.470284588937375, 50.67875185252651, 0.0027465117254801613, -0.5215075398837907, 0.8532422531249249
-20.0, -19.999998092651367, 42.7204165709259, 0.023972002209211866, -0.16703823640250934, 0.985658952523448
20.0, -19.999998092651367, 41.58733899502237, 0.013102115402519703, -0.1331863801437779, 0.991004400957017
20.0, -19.999998092651367, 42.355248780761826, 0.012726902674279483, -0.1339770669458716, 0.9909027053555262
20.0, -12.666168631879103, 51.18139039248433, 0.000286574649767236, -0.5200148920872131, 0.8541571458944158
20.0, -9.173491334714186, 53.137152381723126, 0.0002821626348335776, -0.272473761863043, 0.9621631719622453
20.0, -6.529256657748448, 53.62279455369615, 0.0002486911432431565, -0.042589585399067174, 0.999092621015815
20.0, 6.544662115114548, 53.64152323071908, -0.002624466827616064, 0.06866744051971935, 0.9976361535080519
20.0, 9.184977440046438, 53.15504171353371, -0.0029051605030141945, 0.2617056561214698, 0.9651433621988408
20.0, 12.674566715288954, 51.2029315286684, -0.0029590085681338407, 0.5125088953756074, 0.8586768172188931
20.0, 20.0, 43.46050727859349, -0.023598819312908862, 0.16515282542281495, 0.9859856185471966
-20.0, 20.0, 42.35524981979451, -0.01272689817886472, 0.13397704942215774, 0.9909027077825944
-20.0, 12.666171129028314, 51.18138844668749, -0.0002865735385485275, 0.5200149857331136, 0.8541570888827164
-20.0, 9.173491799913776, 53.13715223361302, -0.0002821616058773651, 0.27247375117139705, 0.9621631749903006
-20.0, 6.529257122199766, 53.62279443915075, -0.0002486902415005527, 0.04258961438579814, 0.999092619780385
-20.0, -6.544661705310624, 53.64152341357777, 0.0026244677145140613, -0.06866760208621824, 0.9976361423850603
-20.0, -9.18497704646628, 53.155041975420644, 0.002905160943513796, -0.26170545542667706, 0.965143416617348
-20.0, -12.674564251445112, 51.202933555966794, 0.00295900989948223, -0.51250879833913, 0.8586768751313825
-20.0, -19.999998092651367, 43.46050636232291, 0.023598820724415298, -0.1651528589600313, 0.985985612895921
20.0, -19.999998092651367, 42.355248780761826, 0.012726902674279483, -0.1339770669458716, 0.9909027053555262
20.0, -19.999998092651367, 43.12315856650128, 0.012354839722248732, -0.13476099295998512, 0.9908011065354522
20.0, -12.869886124766225, 51.704129568431966, 0.0003069464184453805, -0.5116297496037371, 0.8592059736200124
20.0, -9.474227645157406, 53.605564833649865, 0.0003017910197581529, -0.2696237766658142, 0.9629656940819042
20.0, -6.903443934276709, 54.07771694476945, 0.0002668414122934728, -0.04520765377339509, 0.9989775757423014
20.0, 6.919882449709405, 54.0977015280866, -0.0028163932724150314, 0.06942355529032421, 0.9975832987273726
20.0, 9.486569003061376, 53.6247862073962, -0.003110578006237801, 0.2578631261729311, 0.9661764499638719
20.0, 12.87884635149409, 51.72711326097097, -0.0031733845945925276, 0.5033590096696611, 0.8640715462359543
20.0, 20.0, 44.20059700536952, -0.023227196850536605, 0.16327515199552636, 0.9863071134627918
-20.0, 20.0, 43.123159547022446, -0.01235483527609729, 0.13476097576037002, 0.9908011089302503
-20.0, 12.869888597666417, 51.704127656501726, -0.0003069452344977997, 0.5116298416602973, 0.8592059188036835
-20.0, 9.47422813880506, 53.60556467156822, -0.0003017899189228102, 0.2696237661725027, 0.9629656970203042
-20.0, 6.903444424360885, 54.077716815841015, -0.00026684044423321343, 0.04520768195712455, 0.9989775744671352
-20.0, -6.919882017952403, 54.09770172992782, 0.0028163942206632197, -0.06942371348770324, 0.9975832877154523
-20.0, -9.486568583188834, 53.62478648677801, 0.00311057848281006, -0.2578629304314423, 0.9661765022038217
-20.0, -12.878843913952856, 51.72711525940709, 0.0031733859578573945, -0.5033589140264751, 0.8640716019472287
-20.0, -19.999998092651367, 44.20059615371993, 0.023227198262770848, -0.16327518457388224, 0.9863071080364506
20.0, -19.999998092651367, 43.12315856650128, 0.012354839722248732, -0.13476099295998512, 0.9908011065354522
20.0, -19.999998092651367, 43.891068352240744, 0.011985887892062706, -0.13553824273725096, 0.9906996130246226
20.0, -13.073603617653347, 52.2268687443796, 0.0003274446702243773, -0.5031307223652328, 0.864210257398179
20.0, -9.774963955600626, 54.0739772855766, 0.00032151915068734176, -0.26675653918608944, 0.9637638950629434
20.0, -7.277631210804962, 54.532639335842745, 0.00028519237546235487, -0.04785462417184572, 0.9988542704572477
20.0, 7.2951027843042695, 54.55387982545413, -0.0030105144090026067, 0.07018828001143201, 0.9975292186958886
20.0, 9.788160566076321, 54.0945307012587, -0.003317451509964208, 0.25398828791486305, 0.9672016046913672
20.0, 13.083125987699226, 52.25129499327352, -0.003389589118285645, 0.49405786981509264, 0.8694224128462426
20.0, 20.0, 44.94068673214554, -0.02285712786647656, 0.1614051559007815, 0.9866234982780108
-20.0, 20.0, 43.89106927425038, -0.011985883493742277, 0.1355382258611071, 0.9906996153866712
-20.0, 13.07360606630452, 52.22686686631596, -0.00032744341311757245, 0.5031308127744962, 0.8642102047636826
-20.0, 9.774964477696344, 54.073977109523405, -0.0003215179775901012, 0.2667565288951755, 0.9637638979117175
-20.0, 7.277631726522003, 54.53263919253127, -0.00028519134031657024, 0.0478546515384522, 0.998854269146422
-20.0, -7.295102330594176, 54.553880046277854, 0.0030105154184701865, -0.0701884347980724, 0.9975292078017125
-20.0, -9.788160119911382, 54.09453099813537, 0.003317452023666687, -0.2539880971647177, 0.9672016547807992
-20.0, -13.083123576460594, 52.25129696284738, 0.0033895905135332793, -0.4940577756269083, 0.8694224663641618
-20.0, -19.999998092651367, 44.94068594511693, 0.022857129279875214, -0.16140518752646793, 0.9866234930715104
20.0, -19.999998092651367, 43.891068352240744, 0.011985887892062706, -0.13553824273725096, 0.9906996130246226
20.0, -19.999998092651367, 44.6589781379802, 0.011620009145006088, -0.1363088994548738, 0.9905982330475211
20.0, -13.277321110540463, 52.74960792032723, 0.0003480644797569083, -0.49451844373712633, 0.8691670654453771
20.0, -10.075700266043839, 54.54238973750334, 0.00034134726099903, -0.26387197216719643, 0.9645576529096858
20.0, -7.651818487333216, 54.98756172691604, 0.000303746986595396, -0.050530921087327055, 0.9987224508099507
20.0, 7.670323118899127, 55.01005812282166, -0.003206867727949279, 0.0709617611252151, 0.9974738815915851
20.0, 10.08975212909126, 54.56427519512118, -0.0035257864260274246, 0.2500809284362091, 0.9682185177234329
20.0, 13.287405623904363, 52.775476725576084, -0.0036075689718419296, 0.4846055334124575, 0.8747253640041205
20.0, 20.0, 45.68077645892157, -0.0224886067894898, 0.15954281126088707, 0.9869348276049643
-20.0, 20.0, 44.6589790014783, -0.011620004793115361, 0.13630888290155263, 0.9905982353763501
-20.0, 13.277323534942624, 52.7496060761302, -0.0003480631490753649, 0.49451853244153776, 0.8691670149769328
-20.0, 10.075700816587627, 54.54238954747861, -0.0003413460152561246, 0.2638719620827966, 0.9645576556688942
-20.0, 7.651819028683121, 54.987561569221526, -0.0003037458835844662, 0.05053094762242419, 0.9987224494677277
-20.0, -7.670322643235956, 55.010058362627895, 0.00320686879849196, -0.07096191245871276, 0.9974738708220439
-20.0, -10.089751656633936, 54.564275509492724, 0.0035257869779613733, -0.2500807427151467, 0.9682185656912528
-20.0, -13.28740323896833, 52.77547866628767, 0.003607570399159413, -0.4846054407409031, 0.8747254153390824
-20.0, -19.999998092651367, 45.68077573651395, 0.022488608204488225, -0.15954284194006993, 0.9869348226132824
20.0, -19.999998092651367, 44.6589781379802, 0.011620009145006088, -0.1363088994548738, 0.9905982330475211
20.0, -19.999998092651367, 45.426887923719654, 0.011257166046109369, -0.137073044943288, 0.9904969745347968
20.0, -13.481038603427585, 53.272347096274856, 0.00036880068862579177, -0.48579366785830713, 0.8740734387079984
20.0, -10.376436576487059, 55.01080218943009, 0.0003612755754611677, -0.2609699991488293, 0.9653468438982015
20.0, -8.026005763861477, 55.44248411798934, 0.00032250824776862007, -0.053236975919228754, 0.9985818546235483
20.0, 8.045543453493991, 55.46623642018919, -0.0034054915698568003, 0.07174414837908256, 0.9974172546133978
20.0, 10.391343692106197, 55.03401968898368, -0.0037355879478819924, 0.24614083720864438, 0.9692268741842186
20.0, 13.491685260109506, 53.29965845787864, -0.00382726715354758, 0.47500223474423775, 0.8799762661652389
20.0, 20.0, 46.42086618569759, -0.022121628022734593, 0.1576880920444492, 0.9872411555445838
-20.0, 20.0, 45.42688872870624, -0.011257161739277285, 0.137073028712122, 0.9904969768299455
-20.0, 13.481041003580728, 53.27234528594444, -0.0003687992839694986, 0.4857937548008142, 0.8740733903875662
-20.0, 10.37643715547891, 55.010801985433794, -0.00036127425668768865, 0.2609699892751221, 0.9653468465679339
-20.0, 8.02600633084424, 55.44248394591178, -0.0003225070761010728, 0.05323700160816225, 0.9985818532543831
-20.0, -8.045542955877728, 55.466236678977936, 0.0034054927013150555, -0.07174429621629251, 0.9974172439756043
-20.0, -10.39134319335649, 55.034020020850086, 0.0037355885391961536, -0.24614065655398124, 0.9692269200602307
-20.0, -13.491682901476068, 53.29966036972796, 0.003827268613043838, -0.47500214365073967, 0.8799763153302284
-20.0, -19.999998092651367, 46.42086552791096, 0.02212162943976659, -0.15768812178327998, 0.9872411507627662
20.0, -19.999998092651367, 45.426887923719654, 0.011257166046109369, -0.137073044943288, 0.9904969745347968
20.0, -19.999998092651367, 46.19479770945911, 0.010897321752512467, -0.1378307597126923, 0.9903958451324624
20.0, -13.684756096314707, 53.79508627222249, 0.00038964790663760106, -0.47695727248329334, 0.8789263953254597
20.0, -10.677172886930279, 55.479214641356826, 0.00038130430997999594, -0.2580505445036037, 0.9661313425660183
20.0, -8.40019304038973, 55.897406509062634, 0.0003414792099286308, -0.05597322706406163, 0.9984322116418239
20.0, 8.420763788088841, 55.922414717556705, -0.0036064251493221258, 0.0725355949184346, 0.9973593039459104
20.0, 10.692935255121135, 55.50376418284617, -0.003946861041172236, 0.24216780625870613, 0.9702263529196511
20.0, 13.695964896314642, 53.8238401901812, -0.004048622783695855, 0.46524839236093035, 0.8851709112138317
20.0, 20.0, 47.16095591247362, -0.02175618594497623, 0.15584097207268852, 0.9875425356897631
-20.0, 20.0, 46.19479845593416, -0.010897317489397563, 0.13783074380299376, 0.9903958473934796
-20.0, 13.684758472218824, 53.79508449575867, -0.00038964642762278484, 0.47695735760744656, 0.8789263491327266
-20.0, 10.677173494370194, 55.479214423388996, -0.00038130291779031687, 0.25805053484476215, 0.9661313451464129
-20.0, 8.400193633005358, 55.89740632260204, -0.00034147796880082827, 0.055973251891899625, 0.998432210250372
-20.0, -8.420763268519508, 55.922414995327976, 0.0036064263415229144, -0.07253573921541066, 0.9973592934472095
-20.0, -10.692934730079038, 55.50376453220744, 0.003946861673063257, -0.24216763070734293, 0.9702263967345589
-20.0, -13.695962563983812, 53.82384207316825, 0.004048624275503503, -0.46524830290655134, 0.8851709582244831
-20.0, -19.999998092651367, 47.16095531930797, 0.021756187364474242, -0.15584100087729175, 0.9875425311129269
20.0, -19.999998092651367, 46.19479770945911, 0.010897321752512467, -0.1378307597126923, 0.9903958451324624
20.0, -19.999998092651367, 46.96270749519857, 0.010540440002088888, -0.138582122978972, 0.9902948522107965
20.0, -13.888473589201823, 54.31782544817012, 0.00041060051380930734, -0.46801026159961917, 0.8837229353392805
20.0, -10.977909197373492, 55.94762709328357, 0.0004014336713450418, -0.25511353347426574, 0.9669110217022465
20.0, -8.774380316917984, 56.35232890013593, 0.0003606629735253668, -0.058740120005051674, 0.9982732432675993
20.0, 8.795984122683706, 56.37859301492424, -0.003809708579712593, 0.07333625738254101, 0.9972999947225805
20.0, 10.99452681813608, 55.97350867670866, -0.004159610434087049, 0.23816163034503693, 0.9712166264394523
20.0, 13.900244532519778, 54.34802192248376, -0.00427157107225799, 0.45534461643992197, 0.8903050229891748
20.0, 20.0, 47.901045639249645, -0.021392274911773833, 0.15400142502561728, 0.9878390211285332
-20.0, 20.0, 46.9627081831621, -0.010540435781378565, 0.1385821073900358, 0.9902948544372404
-20.0, 13.888475940856928, 54.317823705572906, -0.0004105989600689539, 0.4680103448497629, 0.8837228912516072
-20.0, 10.977909833261478, 55.94762686134418, -0.0004014322053523843, 0.25511352403455023, 0.9669110241934661
-20.0, 8.774380935166477, 56.3523286992923, -0.00036066166212149226, 0.05874014395656734, 0.9982732418587245
-20.0, -8.79598358116128, 56.37859331167802, 0.0038097098324670754, -0.07333639809452726, 0.997299984370557
-20.0, -10.994526266801593, 55.9735090435648, 0.004159611107799692, -0.23816145993346866, 0.9712166682248564
-20.0, -13.900242226491542, 54.34802377660854, 0.004271572596534908, -0.45534452868519804, 0.8903050678638235
-20.0, -19.999998092651367, 47.901045110704985, 0.021392276334168528, -0.15400145290210465, 0.987839016751861
20.0, -19.999998092651367, 46.96270749519857, 0.010540440002088888, -0.138582122978972, 0.9902948522107965
20.0, -19.999998092651367, 47.73061728093802, 0.010186485102323832, -0.13932721268903073, 0.9901940028729551
20.0, -14.092191082088945, 54.840564624117754, 0.0004316526630725357, -0.45895376779894614, 0.8884600456402806
20.0, -11.278645507816705, 56.41603954521031, 0.00042166385696974817, -0.2521588922117221, 0.9676857523380971
20.0, -9.148567593446245, 56.80725129120923, 0.00038782837023666376, -0.10091167394496424, 0.9948953129102481
20.0, 9.171204457278563, 56.834771312291764, -0.003999094805179212, 0.07926059337628234, 0.9968459086430455
20.0, 11.296118381151018, 56.443253170571154, -0.004373840607500315, 0.23412210714089565, 0.9721973608615934
20.0, 14.104524168724907, 54.872203654786325, -0.004496043298765852, 0.4452917158642514, 0.8953742644153484
20.0, 20.0, 48.64113536602567, -0.021029889256643196, 0.1521694244481212, 0.9881306644472587
-20.0, 20.0, 47.73061791039002, -0.010186480922733707, 0.13932719742013286, 0.9901940050643925
-20.0, 14.092193409495025, 54.84056291538714, -0.0004316510342571851, 0.4589538491202861, 0.888460003632723
-20.0, 11.278646172152762, 56.41603929929938, -0.0004216623167864917, 0.2521588829954263, 0.9676857547403441
-20.0, 9.148568237327595, 56.807251075982556, -0.0003878269628246009, 0.10091169129024534, 0.9948953111514743
-20.0, -9.17120389380306, 56.83477162802806, 0.003999096064250317, -0.07926069620830259, 0.9968459004616732
-20.0, -11.29611780352414, 56.443253554922165, 0.004373841324330547, -0.2341219419051148, 0.9721974006500159
-20.0, -14.104521888999287, 54.87220548004883, 0.004496044855696744, -0.4452916298690313, 0.8953743071750704
-20.0, -19.999998092651367, 48.641134902101996, 0.021029890682363873, -0.15216945140257548, 0.988130660266003
20.0, -19.999998092651367, 47.73061728093802, 0.010186485102323832, -0.13932721268903073, 0.9901940028729551
20.0, -19.999998092651367, 48.49852706667748, 0.00983542191943987, -0.14006610554554114, 0.9900933039633041
20.0, -14.29590857497606, 55.36330380006538, 0.0004527982837173236, -0.44978905438060934, 0.8931347051442529
20.0, -11.579381818259925, 56.88445199713705, 0.00044199505462880683, -0.24918654781374106, 0.9684554037378499
20.0, -9.522754869974499, 57.26217368228252, 0.0004077989834709932, -0.10264527371339846, 0.9947179406667451
20.0, 9.54642479187342, 57.29094960965929, -0.004209226905378333, 0.07993694647916166, 0.9967910347692973
20.0, 11.597709944165956, 56.91299766443365, -0.004589555784904854, 0.2300490374216545, 0.9731682158594511
20.0, 14.30880380493005, 55.396385387088884, -0.004721966805276778, 0.43509070496634833, 0.9003742452343781
20.0, 20.0, 49.3812250928017, -0.020669023292197594, 0.15034494375590232, 0.988417517733868
-20.0, 20.0, 48.498527637617954, -0.009835417779713128, 0.1400660905959416, 0.9900933061193112
-20.0, 14.295910878133128, 55.36330212520138, -0.0004527965794957285, 0.4497891337193387, 0.8931346651895583
-20.0, 11.579382511044045, 56.88445173725457, -0.000441993439866484, 0.24918653882520098, 0.9684554060513657
-20.0, 9.522755539488706, 57.26217345267281, -0.00040779750291123886, 0.1026452903386028, 0.9947179389517917
-20.0, -9.54642420644484, 57.2909499443781, 0.004209228224264058, -0.07993704657620287, 0.9967910267365122
-20.0, -11.597709340246695, 56.91299806627952, 0.004589556546199432, -0.23004887739718927, 0.9731682536843267
-20.0, -14.308801551507024, 55.39638718348912, 0.004721968395074664, -0.4350906207896158, 0.9003742859030253
-20.0, -19.999998092651367, 49.38122469349901, 0.02066902472167179, -0.15034496979438472, 0.9884175137433474
20.0, -19.999998092651367, 48.49852706667748, 0.00983542191943987, -0.14006610554554114, 0.9900933039633041
20.0, -19.999998092651367, 49.26643685241693, 0.009487215867764097, -0.14079887703113636, 0.9899927620754858
20.0, -14.499626067863183, 55.886042976013016, 0.00047403108559427746, -0.44051751716666715, 0.8977438901846367
20.0, -11.880118128703145, 57.35286444906379, 0.00046242744219167234, -0.24619642836440972, 0.9692198433902748
20.0, -9.896942146502752, 57.71709607335582, 0.00042795626212185147, -0.10439487031609042, 0.9945358354052026
20.0, 9.921645126468285, 57.747127907026815, -0.004421762451911355, 0.08062100148663708, 0.9967350210241991
20.0, 11.899301507180894, 57.38274215829614, -0.0048067599221299825, 0.2259422252577443, 0.9741288446117535
20.0, 14.513083441135194, 55.92056711939144, -0.00494926500325879, 0.42474280988021684, 0.9053005303383984
20.0, 20.0, 50.12131481957772, -0.02030967131126522, 0.14852795624131845, 0.9886996325811016
-20.0, 20.0, 49.266437364845885, -0.009487211766670832, 0.14079886240007836, 0.9899927641956471
-20.0, 14.499628346771232, 55.88604133501561, -0.00047402930565390995, 0.4405175944701647, 0.897743852253212
-20.0, 11.880118849935329, 57.35286417520977, -0.00046242575246092097, 0.24619641960801597, 0.9692198456153367
-20.0, 9.896942841649825, 57.71709582936307, -0.00042795470768260677, 0.10439488621039215, 0.9945358337374715
-20.0, -9.921644519086612, 57.74712826072813, 0.0044217638304829224, -0.08062109881496995, 0.9967350131456677
-20.0, -11.89930087696925, 57.382742577636876, 0.004806760729289134, -0.22594207047956208, 0.9741288805074512
-20.0, -14.513081214014761, 55.92056888692941, 0.004949266626166457, -0.4247427275799194, 0.9053005689426211
-20.0, -19.999998092651367, 50.12131448489602, 0.02030967274491867, -0.14852798136987136, 0.9886996287767006
20.0, -19.999998092651367, 49.26643685241693, 0.009487215867764097, -0.14079887703113636, 0.9899927620754858
20.0, -19.999998092651367, 50.03434663815639, 0.00914183289933055, -0.1415256014320486, 0.989892383560222
20.0, -14.703343560750298, 56.408782151960644, 0.0004953445640906588, -0.4311406860080705, 0.9022845801088775
20.0, -12.180854439146358, 57.821276900990526, 0.0004829611873522993, -0.24318846297434535, 0.9699789370005243
20.0, -10.271129423031006, 58.172018464429115, 0.0004483026457046745, -0.10616066963651352, 0.9943488880906263
20.0, 11.262844505435652, 58.09042126445091, -0.004856722588359196, 0.15825205300261577, 0.987386803621639
20.0, 14.717363077340323, 56.444748851694, -0.005177857395191943, 0.41424947444437954, 0.9101486486917126
20.0, 20.0, 50.86140454635375, -0.019951827587984347, 0.14671843507911678, 0.9889770600897851
-20.0, 20.0, 50.034347092073816, -0.009141828835667172, 0.1415255871187602, 0.9898923856441313
-20.0, 14.703345815409335, 56.40878054482985, -0.000495342708138509, 0.43114076122495804, 0.9022845441688365
-20.0, 12.18085518882662, 57.82127661316496, -0.0004829594222630746, 0.243188454454518, 0.9699789391374533
-20.0, 10.271130143810943, 58.17201820605332, -0.00044830101664400683, 0.1061606847889048, 0.9943488864736305
-20.0, -11.262843635680689, 58.09042135561115, 0.004856722530087362, -0.15825171946952812, 0.9873868570784217
-20.0, -14.717360876522498, 56.444750590369694, 0.005177859051483308, -0.4142493940772476, 0.9101486852609721
-20.0, -19.999998092651367, 50.86140427629303, 0.019951829026241014, -0.14671845930375987, 0.9889770564669529
20.0, -19.999998092651367, 50.03434663815639, 0.00914183289933055, -0.1415256014320486, 0.989892383560222
20.0, -19.999998092651367, 50.80225642389585, 0.008799239493712255, -0.14224635186121662, 0.9897921745328699
20.0, -14.90706105363742, 56.93152132790827, 0.0005167320058923225, -0.42166022596228947, 0.9067537630633054
20.0, -12.481590749589579, 58.289689352917264, 0.0005035964473555723, -0.24016258182160055, 0.9707325484825371
20.0, -10.645316699559267, 58.62694085550241, 0.0004688406125233838, -0.10794288076336014, 0.994156986939682
20.0, 11.600710418241697, 58.55096482386508, -0.005076525816079065, 0.15632942364633273, 0.9876919257481273
20.0, 14.921642713545467, 56.96893058399657, -0.005407659611627804, 0.40361236559714025, 0.914914102828569
20.0, 20.0, 51.601494273129774, -0.019595486378876696, 0.14491635333205083, 0.9892498508721219
-20.0, 20.0, 50.802256819301746, -0.008799235466300872, 0.14224633786491095, 0.9897921765801294
-20.0, 14.907063284047439, 56.931519754644086, -0.0005167300736554296, 0.4216602990426024, 0.9067537290804676
-20.0, 12.481591527717896, 58.28968905112015, -0.0005035946065169924, 0.2401625735428174, 0.9707325505316916
-20.0, 10.645317445972061, 58.62694058274358, -0.0004688389080890343, 0.10794289516263257, 0.9941569853770515
-20.0, -11.6007095330962, 58.550964945213906, 0.005076525815453736, -0.15632910191955196, 0.9876919766701922
-20.0, -14.921640539030236, 56.968932293809985, 0.005407661301609197, -0.40361228721849907, 0.9149141373951433
-20.0, -19.999998092651367, 51.60149406769004, 0.01959548782215877, -0.14491637665877624, 0.9892498474263736
20.0, -19.999998092651367, 50.80225642389585, 0.008799239493712255, -0.14224635186121662, 0.9897921745328699
20.0, -19.999998092651367, 51.5701662096353, 0.008459402648077001, -0.14296120028086978, 0.989692140880734
20.0, -15.110778546524543, 57.454260503855906, 0.0005381864955394572, -0.4120779381236575, 0.9111484419495274
20.0, -12.782327060032799, 58.75810180484401, 0.0005243333687197229, -0.2371187161933711, 0.9714805399519467
20.0, -11.01950397608752, 59.08186324657571, 0.0004895726803387881, -0.10974171604379027, 0.9939600173439347
20.0, 11.938576331047742, 59.01150838327925, -0.005298205276174403, 0.15438960239855676, 0.9879958399163769
20.0, 15.125922349750596, 57.493112316299126, -0.005638583464384128, 0.392833378205511, 0.919592378907177
20.0, 20.0, 52.3415839999058, -0.019240641923899147, 0.14312168395637354, 0.9895180550550092
-20.0, 20.0, 51.57016654652968, -0.008459398655764842, 0.14296118660074514, 0.9896921428909546
-20.0, 15.110780752685542, 57.454258964458326, -0.0005381844867655208, 0.4120780090189759, 0.9111484098874426
-20.0, 12.782327866609187, 58.758101489075344, -0.0005243314517401525, 0.23711870816016128, 0.9714805419137251
-20.0, 11.01950474813318, 59.081862959433835, -0.0004895708997680469, 0.10974172967854338, 0.9939600158394176
-20.0, -11.938575430511712, 59.01150853481667, 0.005298205336475236, -0.15438929256635056, 0.9879958883320691
-20.0, -15.12592020153798, 57.493113997250276, 0.005638585188395473, -0.39283330186909754, 0.9195924115061497
-20.0, -19.999998092651367, 52.34158385908706, 0.01924064337262683, -0.14312170639115343, 0.9895180517819226
20.0, -19.999998092651367, 51.5701662096353, 0.008459402648077001, -0.14296120028086978, 0.989692140880734
20.0, -19.999998092651367, 52.33807599537476, 0.008122289867461404, -0.1436702175246061, 0.9895922882701447
20.0, -15.314496039411658, 57.97699967980354, 0.0005597009227799001, -0.40239576008879785, 0.9154656405335133
20.0, -13.083063370476012, 59.22651425677075, 0.0005451720869554258, -0.23405679852841255, 0.9722227717195405
20.0, -11.393691252615781, 59.536785637649004, 0.0005105014070471624, -0.11155739113741937, 0.9937578617907513
20.0, 12.27644224385378, 59.47205194269342, -0.005521782461842127, 0.15243238094990602, 0.9882984767550677
20.0, 15.330201985955739, 58.017294048601684, -0.005870537016475294, 0.3819146392695113, 0.9241789572949479
20.0, 20.0, 53.08167372668183, -0.018887288447473647, 0.1413343998072472, 0.9897817222833665
-20.0, 20.0, 52.33807627375761, -0.008122285909120232, 0.1436702041598478, 0.9895922902429455
-20.0, 15.314498221323646, 57.97699817427256, -0.0005596988372379431, 0.40239582875236035, 0.9154656103535034
-20.0, 13.08306420550047, 59.22651392703054, -0.0005451700934426946, 0.23405679074532804, 0.9722227735943891
-20.0, 11.393692050294298, 59.5367853361241, -0.00051049954956667, 0.1115574039960527, 0.9937578603482194
-20.0, -12.276441327927223, 59.472052124419434, 0.005521782586457668, -0.15243208310109105, 0.98829852269369
-20.0, -15.330199864045717, 58.01729570069057, 0.005870538774891158, -0.3819145650272811, 0.9241789879641904
-20.0, -19.999998092651367, 53.08167365048407, 0.018887289902065226, -0.14133442135603022, 0.989781719178583
20.0, -19.999998092651367, 52.33807599537476, 0.008122289867461404, -0.1436702175246061, 0.9895922882701447
20.0, -19.999998092651367, 53.105985781114214, 0.007787869155257859, -0.14437347331897435, 0.9894926221533115
20.0, -15.51821353229878, 58.49973885575117, 0.0005792719213946386, -0.3908807675632053, 0.9204411387988047
20.0, -13.383799680919232, 59.694926708697494, 0.0005661127262813362, -0.23097676246020482, 0.9729591022852828
20.0, -11.767878529144035, 59.9917080287223, 0.0005314546119938407, -0.12641642214916315, 0.9919771195783701
20.0, 12.614308156659824, 59.93259550210759, -0.005747279144540198, 0.15045754805507494, 0.9885997648268432
20.0, 15.534481622160868, 58.54147578090424, -0.006081858416141179, 0.3694038808310914, 0.9292490429508846
20.0, 20.0, 53.82176345345785, -0.018535420159496285, 0.13955447364402873, 0.9900409017234838
-20.0, 20.0, 53.10598600098554, -0.007787865229783422, 0.1443734602687547, 0.9894926240883197
-20.0, 15.51821568996175, 58.4997373840868, -0.0005792697690143194, 0.3908809732143657, 0.9204410514669178
-20.0, 13.383800544391754, 59.69492636498573, -0.0005661106558425662, 0.2309767549318661, 0.9729591040736862
-20.0, 11.76787935245541, 59.99170771281435, -0.000531452726271631, 0.12641647725097085, 0.9919771125572678
-20.0, -12.614307225342735, 59.93259571402219, 0.005747279336971939, -0.150457262278984, 0.9885998083186825
-20.0, -15.534479526553454, 58.54147740413086, 0.006081860145842744, -0.36940365480981846, 0.929249132789649
-20.0, -19.999998092651367, 53.82176344188109, 0.01853542162036806, -0.13955449431273567, 0.9900408987827077
20.0, -19.999998092651367, 53.105985781114214, 0.007787869155257859, -0.14437347331897435, 0.9894926221533115
20.0, -19.999998092651367, 53.873895566853676, 0.0074561090039090595, -0.14507103630457535, 0.9893931477749573
20.0, -15.721931025185896, 59.0224780316988, 0.0006010222967943031, -0.38104352896255056, 0.9245569034991652
20.0, -13.684535991362445, 60.16333916062423, 0.0005871553993363089, -0.22787854286085243, 0.9736893883329281
20.0, -12.142065805672289, 60.446630419795596, 0.0005530400945599547, -0.1277477058142546, 0.9918065425302701
20.0, 12.952174069465869, 60.39313906152176, -0.005974717377152638, 0.14846488949220396, 0.9888996305694177
20.0, 15.738761258366011, 59.0656575132068, -0.0063170383530031324, 0.35823665934252324, 0.9336094423952425
20.0, 20.0, 54.56185318023388, -0.005365825632423784, 0.7580721725053831, 0.6521485944079396
-20.0, 20.0, 53.87389572821347, -0.0074561051102205525, 0.14507102356805465, 0.9893931496718088
-20.0, 15.721933158599853, 59.02247659390103, -0.0006010200676796602, 0.38104372679296805, 0.9245568219674787
-20.0, 13.684536883283037, 60.16333880294093, -0.0005871532515780644, 0.2278785355919072, 0.9736893900354193
-20.0, 12.142066654616528, 60.44663008950461, -0.000553038127731949, 0.12774775836475077, 0.9918065357627013
-20.0, -12.95217312275824, 60.393139303624956, 0.00597471764101923, -0.1484646158786656, 0.9888996716457693
-20.0, -15.738759189061192, 59.06565910757115, 0.006317040106302426, -0.3582364414998197, 0.9336095259720959
-20.0, -19.999998092651367, 54.5618532332781, 0.005365823034670691, -0.7580722588193191, 0.6521484940960424
20.0, -19.999998092651367, 53.873895566853676, 0.0074561090039090595, -0.14507103630457535, 0.9893931477749573
20.0, -19.999998092651367, 54.64180535259313, 0.0004484321875473788, -0.864942539316673, 0.5018707030590634
20.0, -15.925648518073018, 59.54521720764643, 0.0006228051368945873, -0.3711168488325081, 0.9285859662015093
20.0, -12.51625308220055, 60.90155281086889, 0.0005748100221818492, -0.12909019421308113, 0.9916326897352
20.0, 13.290039982271907, 60.85368262093593, -0.006204119497151583, 0.14645418802187016, 0.9891979982349943
20.0, 15.94304089457114, 59.58983924550937, -0.006552901795164898, 0.34694138203399794, 0.9378639223844802
20.0, 20.0, 55.3019429070099, -0.005660041345319069, 0.7395980804683604, 0.6730249945577697
-20.0, 20.0, 54.6418054554414, -0.0004484307255378888, 0.8649426650172868, 0.5018704864232184
-20.0, 15.925650627237957, 59.54521580371527, -0.0006228028308708079, 0.37111703868320234, 0.928585890327677
-20.0, 12.516253956777646, 60.901552466194865, -0.0005748079734696191, 0.12909024418566803, 0.9916326832309825
-20.0, -13.29003902017375, 60.85368289322771, 0.006204119836191414, -0.1464539266612187, 0.9891980369281818
-20.0, -15.943038851568929, 59.58984081101144, 0.006552903572930329, -0.34694117256957563, 0.9378639998586211
-20.0, -19.999998092651367, 55.30194302467511, 0.00566003891411367, -0.7395981685026012, 0.6730248978359484
20.0, -19.999998092651367, 54.64180535259313, 0.0004484321875473788, -0.864942539316673, 0.5018707030590634
20.0, -19.999998092651367, 55.40971513833259, 0.0004772904264941452, -0.849889260793982, 0.5269611148660857
20.0, -16.12936601096014, 60.067956383594066, 0.0006446126592586443, -0.36110325090382267, 0.9325256171608426
20.0, -12.890440358728803, 61.35647520194219, 0.0005967666477556903, -0.13044402186119475, 0.9914554962428945
20.0, 13.627905895077951, 61.3142261803501, -0.006435508129745463, 0.14442522334592456, 0.989494789827916
20.0, 16.147320530776284, 60.114020977811926, -0.0067893425733414935, 0.33552121246088973, 0.9420081851110405
20.0, 20.0, 56.04203263378593, -0.005960750317479535, 0.7198162596277244, 0.6941390507896851
-20.0, 20.0, 55.40971518266932, -0.00047728885302156503, 0.8498893925669515, 0.5269609023424118
-20.0, 16.12936809587606, 60.067955013529506, -0.0006446102761637452, 0.3611034326224815, 0.9325255467952891
-20.0, 12.890441258938765, 61.35647484288512, -0.0005967645163706891, 0.1304440692288949, 0.9914554900120929
-20.0, -13.627904917589262, 61.31422648283048, 0.006435508547820287, -0.1444249743289974, 0.9894948261713141
-20.0, -16.147318514076673, 60.114022514451726, 0.006789344376625083, -0.33552101156630365, 0.9420082566519573
-20.0, -19.999998092651367, 56.04203281607212, 0.005960748066978348, -0.7198163488787189, 0.6941389582564808
20.0, -19.999998092651367, 55.40971513833259, 0.0004772904264941452, -0.849889260793982, 0.5269611148660857
20.0, -19.999998092651367, 56.17762492407204, 0.000507280784595122, -0.8332262507493015, 0.5529319648279233
20.0, -16.333083503847256, 60.5906955595417, 0.0006664369488171905, -0.3510053846959509, 0.9363732032561807
20.0, -13.264627635257057, 61.811397593015485, 0.0006189122587869461, -0.13180932529618045, 0.9912748956331849
20.0, 13.965771807883996, 61.77476973976427, -0.006668906191018667, 0.1423777720660018, 0.9897899250405295
20.0, 16.351600166981427, 60.638202710114484, -0.007026251555209773, 0.3239795477999392, 0.9460379931040982
20.0, 20.0, 56.78212236056196, -0.006267268395856056, 0.6986692768823582, 0.7154173347686908
-20.0, 20.0, 56.177624909897254, -0.0005072790955606988, 0.8332263884743875, 0.5529317572882285
-20.0, 16.33308556451415, 60.590694223343746, -0.0006664344885022062, 0.35100555813738, 0.9363731382423028
-20.0, 13.264628561099883, 61.811397219575376, -0.0006189100439302456, 0.13180937003165738, 0.9912748896861128
-20.0, -13.965770815004774, 61.774770072433235, 0.006668906692118356, -0.14237753548409882, 0.9897899590685926
-20.0, -16.35159817658441, 60.63820421789202, 0.0070262533852504475, -0.3239793556578799, 0.9460380588913276
-20.0, -19.999998092651367, 56.782122607469134, 0.006267266340541381, -0.6986693667484363, 0.7154172470243891
20.0, -19.999998092651367, 56.17762492407204, 0.000507280784595122, -0.8332262507493015, 0.5529319648279233
20.0, -19.999998092651367, 56.9455347098115, 0.0005383687710491852, -0.8148040549136791, 0.5797362005734097
20.0, -16.536800996734378, 61.11343473548933, 0.0006882699699664221, -0.3408260231976058, 0.9401261341946374
20.0, -13.638814911785317, 62.26631998408878, 0.0006412491780043088, -0.1331862431124736, 0.991090819978208
20.0, 14.303637720690034, 62.235313299178436, -0.006904336891053534, 0.14031160764182787, 0.990083321187192
20.0, 16.555879803186556, 61.16238444241705, -0.007263516828213025, 0.31232001755192623, 0.949949181777452
20.0, 20.0, 57.522212087337984, -0.006578762582631196, 0.6761059102465369, 0.7367750796631107
-20.0, 20.0, 56.945534637125185, -0.000538366962498341, 0.8148041983597801, 0.5797359989652962
-20.0, 16.536803033152253, 61.11343343315798, -0.0006882674322957366, 0.34082618822412464, 0.9401260743690472
-20.0, 13.638815863261001, 62.26631959626563, -0.0006412468788664807, 0.1331862851880167, 0.9910908143254363
-20.0, -14.303636712420285, 62.235313662036, 0.006904337479299498, -0.14031138358672507, 0.9900833529354742
-20.0, -16.555877839092147, 61.16238592133231, 0.007263518686441678, -0.3123198343354692, 0.9499492420003064
-20.0, -19.999998092651367, 57.522212398866145, 0.006578760737111525, -0.6761060000226281, 0.7367749972960306
20.0, -19.999998092651367, 56.9455347098115, 0.0005383687710491852, -0.8148040549136791, 0.5797362005734097
20.0, -19.999998092651367, 57.71344449555096, 0.0005704960680013262, -0.7944690587110035, 0.6073043629722156
20.0, -16.740518489621493, 61.636173911436956, 0.0007101035792915046, -0.330568060129673, 0.9437818886665561
20.0, -14.013002188313571, 62.72124237516208, 0.0006637797639853945, -0.13457491599674223, 0.9909031998035401
20.0, 14.641503633496086, 62.695856858592606, -0.007141823737035113, 0.13822650034926134, 0.9903748931363843
20.0, 16.7601594393917, 61.68656617471961, -0.007501023899307254, 0.3005464813006303, 0.9537376721186346
20.0, 20.0, 58.26230181411401, -0.0068942429984202094, 0.6520832657929742, 0.7581160095171768
-20.0, 20.0, 57.713444364353116, -0.0005704941362030239, 0.7944692075147854, 0.6073041683104681
-20.0, 16.740520501790357, 61.63617264297221, -0.000710100964143072, 0.3305682166115305, 0.9437818338593369
-20.0, 14.01300316542212, 62.721241972955895, -0.000663777379746257, 0.13457495538427647, 0.9909031944559016
-20.0, -14.641502609835797, 62.695857251638756, 0.007141824416684597, -0.13822628891318064, 0.9903749226415677
-20.0, -16.760157501599885, 61.6865676247726, 0.007501025787347371, -0.30054630717260417, 0.9537377269758432
-20.0, -19.999998092651367, 58.26230219026316, 0.00689424137719016, -0.6520833546675838, 0.7581159330876137
20.0, -19.999998092651367, 57.71344449555096, 0.0005704960680013262, -0.7944690587110035, 0.6073043629722156
20.0, -19.999998092651367, 58.481354281290415, 0.0006035761658083947, -0.7720669556221212, 0.6355409127131009
20.0, -16.944235982508616, 62.15891308738459, 0.0007319295388768481, -0.32023450679100923, 0.9473380204232643
20.0, -14.387189464841825, 63.176164766235374, 0.0006865064117939193, -0.13597548676390264, 0.9907119640482123
20.0, 14.979369546302124, 63.156400418006776, -0.007381390536332326, 0.13612221723818277, 0.9906645532408592
20.0, 16.96443907559683, 62.21074790702217, -0.007738655911175324, 0.2886630255025119, 0.9573994834510956
20.0, 20.0, 59.00239154089004, -0.007212558388488825, 0.62656907299509, 0.7793325193828153
-20.0, 20.0, 58.481354091581046, -0.000603574107346639, 0.7720671092661483, 0.6355407260653799
-20.0, 16.94423797042846, 62.15891185278645, -0.0007319268461424652, 0.3202346546067648, 0.9473379704582615
-20.0, 14.387190467583238, 63.17616434964615, -0.0006865039416225105, 0.13597552343495714, 0.990711959016811
-20.0, -14.979368507251309, 63.15640084124152, 0.007381391311782068, -0.13612201851380484, 0.990664580540775
-20.0, -16.964437164107622, 62.21074932821289, 0.007738657830845909, -0.2886628606148034, 0.9573995331504271
-20.0, -19.999998092651367, 59.002391981660175, 0.007212557005640673, -0.6265691600505708, 0.779332449404593
20.0, -19.999998092651367, 58.481354281290415, 0.0006035761658083947, -0.7720669556221212, 0.6355409127131009
20.0, -19.999998092651367, 59.24926406702987, 0.000637490009126597, -0.7474474011638526, 0.6643206876952512
20.0, -17.147953475395738, 62.68165226333222, 0.000753739530160355, -0.3098284884898866, 0.9507921642487347
20.0, -14.761376741370086, 63.63108715730867, 0.0007094315536290878, -0.13738810039378557, 0.9905170400235715
20.0, 14.79950947620145, 63.67744577280466, -0.007451968312478472, 0.10177818361008995, 0.9947792064118051
20.0, 17.168718711801972, 62.734929639324726, -0.007976293874293333, 0.27667395928784905, 0.9609307461976729
20.0, 20.0, 59.742481267666065, -0.007532396258811313, 0.5995440900675159, 0.8003062832889135
-20.0, 20.0, 59.24926381880898, -0.0006374878210026366, 0.7474475589558586, 0.6643205101607254
-20.0, 17.147955439066564, 62.68165106260069, -0.000753736759745974, 0.30982862752677126, 0.9507921189438701
-20.0, 14.761377769744357, 63.631086726336406, -0.0007094289966833858, 0.13738813431950553, 0.990517035319789
-20.0, -14.799508583429713, 63.677446373278656, 0.00745196869004066, -0.1017779037396251, 0.9947792350431377
-20.0, -17.168716826615366, 62.734931031653176, 0.00797629582761027, -0.27667380378072365, 0.9609307909555068
-20.0, -19.999998092651367, 59.742481773057186, 0.007532395127710978, -0.5995441742841351, 0.8003062202092363
20.0, -19.999998092651367, 59.24926406702987, 0.000637490009126597, -0.7474474011638526, 0.6643206876952512
20.0, -19.999998092651367, 60.017173852769325, 0.000672081990496989, -0.7204699678869283, 0.6934858136103481
20.0, -17.351670968282853, 63.204391439279846, 0.0007755251682843125, -0.2993532405664645, 0.9541420417962254
20.0, -15.13556401789834, 64.08600954838197, 0.0007325576594868613, -0.13881290406842745, 0.9903183533709577
20.0, 15.174729810796308, 64.13362407017219, -0.007703387524868748, 0.10182185141489809, 0.9947728225052613
20.0, 17.3729983480071, 63.259111371627284, -0.008213816914078145, 0.2645838092609754, 0.964327714570443
20.0, 20.0, 60.482570994442085, -0.007852288710418346, 0.5710045237795089, 0.8209093588121313
-20.0, 20.0, 60.01717354603691, -0.0006720796702408646, 0.7204701289421422, 0.6934856462905414
-20.0, 17.351672907704668, 63.204390272414926, -0.000775522320110311, 0.29935337072072676, 0.9541420009638346
-20.0, 15.135565071905475, 64.08600910302667, -0.000732555014913633, 0.1388129352195672, 0.9903183490064589
-20.0, -15.174728896071485, 64.1336246896287, 0.007703388029726887, -0.10182159070083184, 0.994772849187198
-20.0, -17.372996489123103, 63.25911273509347, 0.00821381890325278, -0.264583663262517, 0.9643277546112689
-20.0, -19.999998092651367, 60.4825715644542, 0.00785228784334658, -0.5710046040441957, 0.8209093029902612
20.0, -19.999998092651367, 60.017173852769325, 0.000672081990496989, -0.7204699678869283, 0.6934858136103481
20.0, -19.999998092651367, 60.78508363850878, 0.0007554324562609076, -0.5273783017250514, 0.8496302467493755
20.0, -17.555388461169976, 63.72713061522748, 0.0007972780168912838, -0.28881210401422425, 0.9573854672610403
20.0, -15.509751294426593, 64.54093193945526, 0.0007558872378336279, -0.14025004721003745, 0.9901158280181496
20.0, 15.549950145391165, 64.58980236753972, -0.007957600353846418, 0.1018659977726592, 0.9947663017485007
20.0, 17.577277984212245, 63.78329310392985, -0.008451102532193281, 0.2523973132948492, 0.9675867791095185
20.0, 20.0, 61.22266072121811, -0.008208435711873342, 0.49144250365553915, 0.8708713379047098
-20.0, 20.0, 60.78508327326484, -0.0007554297290031773, 0.5273780155885823, 0.8496304243609533
-20.0, 17.55539037634277, 63.72712948222916, -0.0007972750908926731, 0.2888122251914839, 0.9573854307082247
-20.0, 15.509752374066593, 64.54093147971692, -0.0007558845047682649, 0.1402500755569555, 0.9901158240048907
-20.0, -15.549949208713265, 64.58980300597874, 0.007957600993115637, -0.10186575642870983, 0.9947663264574454
-20.0, -17.57727615163084, 63.78329443853376, 0.008451104559633002, -0.2523971769203211, 0.9675868146654203
-20.0, -19.999998092651367, 61.22266135585121, 0.008208437354716963, -0.491442796384652, 0.8708711726988252
20.0, -19.999998092651367, 60.78508363850878, 0.0007554324562609076, -0.5273783017250514, 0.8496302467493755
20.0, -19.999998092651367, 61.55299342424824, 0.0007843779042393014, -0.5000766135014659, 0.8659808112078518
20.0, -17.75910595405709, 64.24986979117512, 0.0008189896033091962, -0.27820852071103125, 0.9605203528607863
20.0, -15.883938570954854, 64.99585433052856, 0.0007794228362923639, -0.1416996815196123, 0.9899093861345506
20.0, 15.925170479986036, 65.04598066490725, -0.008214653569314893, 0.101910630582795, 0.9947596407378786
20.0, 17.781557620417374, 64.3074748362324, -0.008688026880949759, 0.24011941332259118, 0.9707044789916911
20.0, 20.0, 61.96275044799414, -0.008511788008540121, 0.4620310466242117, 0.8868229030760499
-20.0, 20.0, 61.55299300049277, -0.0007843750605711059, 0.5000763456766296, 0.8659809658707704
-20.0, 17.759107844980875, 64.24986869204339, -0.0008189865994360607, 0.2782086328265305, 0.9605203203898097
-20.0, 15.883939676227712, 64.99585385640718, -0.0007794200138587217, 0.1416997070322492, 0.9899093824847892
-20.0, -15.925169521355045, 65.04598132232879, 0.008214654350323586, -0.1019104088262814, 0.9947596634498028
-20.0, -17.781555814138578, 64.30747614197405, 0.008688028949254328, -0.2401192866739484, 0.9707045103017555
-20.0, -19.999998092651367, 61.96275114724823, 0.008511789839764227, -0.4620313183787078, 0.8868227614754578
20.0, -19.999998092651367, 61.55299342424824, 0.0007843779042393014, -0.5000766135014659, 0.8659808112078518
20.0, -19.999998092651367, 62.3209032099877, 0.0008129139792721349, -0.4718791049480302, 0.8816628887983821
20.0, -17.962823446944213, 64.77260896712275, 0.0008406514340673646, -0.2675460282726597, 0.9635447140951433
20.0, -16.258125847483107, 65.45077672160186, 0.000803167042341562, -0.1431619610162111, 0.9896989480850704
20.0, 16.300390814580894, 65.50215896227476, -0.008474594989870266, 0.1019557579193266, 0.9947528359682385
20.0, 17.985837256622517, 64.83165656853497, -0.008924465049587074, 0.2277552471371099, 0.9736775140286916
20.0, 20.0, 62.70284017477017, -0.008809742585630647, 0.4316706400040779, 0.9019882743107277
-20.0, 20.0, 62.3209027277207, -0.0008129110211204758, 0.47187885766837323, 0.881663021148819
-20.0, 17.96282531361898, 64.77260790185764, -0.0008406483522850307, 0.26754613125157883, 0.9635446855038227
-20.0, 16.25812697838883, 65.45077623309743, -0.0008031641296517436, 0.14316198366410554, 0.98969894481137
-20.0, -16.300389833996817, 65.50215963867882, 0.00847459592016844, -0.10195555597122641, 0.9947528566586717
-20.0, -17.985835476646315, 64.83165784541434, 0.008924467161546447, -0.22775513030247296, 0.9736775413383972
-20.0, -19.999998092651367, 62.70284093864524, 0.008809744596682555, -0.4316708883862016, 0.9019881554211278
20.0, -19.999998092651367, 62.3209032099877, 0.0008129139792721349, -0.4718791049480302, 0.8816628887983821
20.0, -19.999998092651367, 63.08881299572715, 0.0008409268366703558, -0.4428474483008285, 0.8965965817331116
20.0, -18.166540939831336, 65.29534814307037, 0.0008622550106802525, -0.25682825454474434, 0.9664566747577443
20.0, -16.63231312401136, 65.90569911267515, 0.0008271224840269879, -0.14463704207693664, 0.989484432382658
20.0, 16.67561114917575, 65.95833725964229, -0.00873747351232791, 0.10200138803569082, 0.9947458838293395
20.0, 18.19011689282766, 65.35583830083753, -0.009160291361092997, 0.2153101392178466, 0.9765027562747436
20.0, 20.0, 63.442929901546194, -0.009100956826166894, 0.40043806155608114, 0.9162786319903222
-20.0, 20.0, 63.08881245494863, -0.0008409237666597448, 0.44284722369822915, 0.8965966926717884
-20.0, 18.166542782257082, 65.29534711167187, -0.0008622518509696336, 0.25682834832243073, 0.9664566498398764
-20.0, 16.63231428054995, 65.90569860978769, -0.0008271194801811926, 0.14463706182919744, 0.9894844294978989
-20.0, -16.675610146638597, 65.95833795502887, 0.00873747459969301, -0.10200120612074377, 0.9947459024733569
-20.0, -18.190115139154056, 65.35583954885463, 0.009160293519683326, -0.21531003227104073, 0.9765027798353042
-20.0, -19.999998092651367, 63.44293073004225, 0.009100959004769638, -0.4004382843150959, 0.916278534617054
20.0, -19.999998092651367, 63.08881299572715, 0.0008409268366703558, -0.4428474483008285, 0.8965965817331116
20.0, -19.999998092651367, 63.85672278146661, 0.0008683035136036319, -0.413053626198695, 0.910706290706898
20.0, -18.37025843271845, 65.818087319018, 0.0008837918456345978, -0.24605891175105593, 0.9692544716739044
20.0, -17.006500400539622, 66.36062150374845, 0.0008512918306865502, -0.1461250834775742, 0.9892657556394494
20.0, 17.050831483770608, 66.41451555700982, -0.00902948878493604, 0.11056794472222373, 0.9938275493928441
20.0, 18.39439652903279, 65.88002003314008, -0.009395379678090104, 0.2027895906122565, 0.9791772611636863
20.0, 20.0, 64.18301962832221, -0.00938411015548544, 0.36842225857183586, 0.9296111971493336
-20.0, 20.0, 63.85672218217656, -0.0008683003350561104, 0.4130534262591188, 0.910706381393109
-20.0, 18.370260250895186, 65.8180863214861, -0.0008837886079925066, 0.2460589962732399, 0.9692544502197047
-20.0, 17.006501582711053, 66.36062098647794, -0.0008512887347728399, 0.1461251003028944, 0.9892657531568345
-20.0, -17.050830459280377, 66.4145162713789, 0.009029491424563581, -0.11056803836923819, 0.9938275389501905
-20.0, -18.394394801661797, 65.88002125229492, 0.009395381886468138, -0.20278949361242785, 0.9791772812313521
-20.0, -19.999998092651367, 64.18302052143926, 0.009384112485663912, -0.3684224536570692, 0.9296111198098702
20.0, -19.999998092651367, 63.85672278146661, 0.0008683035136036319, -0.413053626198695, 0.910706290706898
20.0, -19.999998092651367, 64.62463256720606, 0.0008949339158233291, -0.3825792528669987, 0.9239222447636031
20.0, -18.573975925605573, 66.34082649496564, 0.0009052534785123593, -0.23524179031869655, 0.9719364591390705
20.0, -17.380687677067876, 66.81554389482174, 0.0008782393374523416, -0.15648854049411118, 0.9876793839043565
20.0, 17.426051818365465, 66.87069385437735, -0.009296981176674879, 0.10956689567901094, 0.9939359443707956
20.0, 18.598676165237933, 66.40420176544265, -0.009629603716202638, 0.19019926790802497, 0.9816982780974611
20.0, 20.0, 64.92310935509825, -0.009657930230348376, 0.335723328182937, 0.941911127069554
-20.0, 20.0, 64.62463190940448, -0.0008949306327425314, 0.3825790793876292, 0.9239223166013887
-20.0, 18.57397771953329, 66.34082553130034, -0.0009052501629517686, 0.23524186554168788, 0.9719364409356246
-20.0, 17.38068888487217, 66.8155433631682, -0.0008782360878440689, 0.1564884670470304, 0.9876793955442447
-20.0, -17.42605077192215, 66.87069458772893, 0.009296983848777212, -0.10956697826826023, 0.9939359352415417
-20.0, -18.598674464169534, 66.40420295573522, 0.009629605977699789, -0.1901991808992852, 0.9816982949327941
-20.0, -19.999998092651367, 64.92311031283627, 0.009657932692579555, -0.3357234937938887, 0.9419110680159408
20.0, -19.999998092651367, 64.62463256720606, 0.0008949339158233291, -0.3825792528669987, 0.9239222447636031
20.0, -19.999998092651367, 65.39254235294553, 0.000918097265585371, -0.3467225695758832, 0.9379672791969387
20.0, -18.777693418492692, 66.86356567091327, 0.0009266314921801778, -0.22438075240300376, 0.9745011130343256
20.0, -17.75487495359613, 67.27046628589504, 0.0009026269939960537, -0.15677200463860877, 0.987634407980049
20.0, 17.801272152960323, 67.32687215174488, -0.00956704086169991, 0.10855607997656591, 0.9940442893700823
20.0, 20.0, 65.66319908187427, -0.009893000481068673, 0.29832493809389005, 0.9544130970668614
-20.0, 20.0, 65.39254163663242, -0.0009180939209045751, 0.34672278073484464, 0.9379672011446079
-20.0, 18.77769518817138, 66.86356474111459, -0.0009266280987305403, 0.22438081829384088, 0.9745010978660583
-20.0, 17.75487618703329, 67.27046573985847, -0.0009026236578619666, 0.15677194062586414, 0.9876344181441495
-20.0, -17.80127108456393, 67.32687290407898, 0.00956704356466754, -0.10855615140530407, 0.9940442815435842
-20.0, -19.999998092651367, 65.66320010423328, 0.009893002505962587, -0.298324691993995, 0.9544131739703225
20.0, -19.999998092651367, 65.39254235294553, 0.000918097265585371, -0.3467225695758832, 0.9379672791969387
20.0, -19.999998092651367, 66.16045213868497, 0.0009433821551751904, -0.31571998685762004, 0.9488519378326281
20.0, -18.12906223012439, 67.72538867696834, 0.0009271890484480107, -0.1570574835884709, 0.987589027465031
20.0, 18.176492487555194, 67.7830504491124, -0.009839704068071017, 0.10753535740944498, 0.9941525673309283
20.0, 20.0, 66.40328880865029, -0.01014960791759202, 0.2650773680826097, 0.9641737262493288
-20.0, 20.0, 66.16045136386035, -0.0009433787199198198, 0.3157201703210082, 0.9488518767906108
-20.0, 18.129063489194408, 67.72538811654871, -0.000927185625283643, 0.15705742907808226, 0.9875890361370966
-20.0, -18.1764913972057, 67.78305122042902, 0.009839706800224298, -0.10753541757360308, 0.9941525607960563
-20.0, -19.999998092651367, 66.4032898956303, 0.010149609991967084, -0.26507715355019135, 0.9641737852082161
20.0, -19.999998092651367, 66.16045213868497, 0.0009433821551751904, -0.31571998685762004, 0.9488519378326281
20.0, -19.999998092651367, 66.92836192442444, 0.00096760531851312, -0.2844338659444339, 0.9586951755609555
20.0, -18.503249506652644, 68.18031106804163, 0.0009519273719502377, -0.15734499882777092, 0.9875432371183387
20.0, 18.55171282215005, 68.23922874647992, -0.010115007690369111, 0.10650458514415725, 0.9942607605465956
20.0, 20.0, 67.14337853542632, -0.010393414009573132, 0.23159843812507058, 0.972755951101433
-20.0, 20.0, 66.92836109108828, -0.0009676017946255549, 0.28443402085088787, 0.9586951296055299
-20.0, 18.503250791355526, 68.18031049323898, -0.0009519238612465393, 0.15734495388848774, 0.9875432442818857
-20.0, -18.55171170984748, 68.23922953677906, 0.010115010449955771, -0.10650463393831584, 0.9942607552917204
-20.0, -19.999998092651367, 67.1433796870273, 0.010393416155869528, -0.23159825594179942, 0.9727559944535565
20.0, -19.999998092651367, 66.92836192442444, 0.00096760531851312, -0.2844338659444339, 0.9586951755609555
20.0, -19.999998092651367, 67.69627171016388, 0.000990697919995757, -0.2529674144857853, 0.9674742920233117
20.0, -18.877436783180897, 68.63523345911493, 0.0009768438624172195, -0.15763457214604507, 0.9874970316109319
20.0, 18.92693315674491, 68.69540704384745, -0.010392989304625146, 0.10546361765902626, 0.9943688506402364
20.0, 20.0, 67.88346826220234, -0.010623690324828905, 0.198010549169256, 0.9801423160039423
-20.0, 20.0, 67.69627081831621, -0.0009906943095375773, 0.252967540267728, 0.9674742591385471
-20.0, 18.877438093516645, 68.63523286992923, -0.0009768402636604943, 0.15763453684735743, 0.9874970372492357
-20.0, -18.926932022489254, 68.6954078531291, 0.010392992089817364, -0.1054636549764031, 0.9943688466532121
-20.0, -19.999998092651367, 67.88346947842432, 0.010623692566608802, -0.1980103997468405, 0.9801423461662835
20.0, -19.999998092651367, 67.69627171016388, 0.000990697919995757, -0.2529674144857853, 0.9674742920233117
20.0, -19.999998092651367, 68.46418149590335, 0.001619557553098694, -0.1573270982793464, 0.9875452198154437
20.0, -19.251624059709155, 69.09015585018822, 0.0010019404450147807, -0.15792622564371522, 0.98745040552388
20.0, 19.302153491339766, 69.15158534121498, -0.010673687183636834, 0.10441230668247396, 0.9944768185408601
20.0, 20.0, 68.62355798897836, -0.010839862416983766, 0.16443544762702958, 0.9863282825441433
-20.0, 20.0, 68.46418054554414, -0.0016195540856096683, 0.15732709133064374, 0.987545220928137
-20.0, 19.251625395677763, 69.09015524661949, -0.0010019367576866217, 0.15792620005586538, 0.987450409619971
-20.0, -19.30215233513103, 69.15158616947913, 0.010673689992528606, -0.10441233241489459, 0.9944768158090086
-20.0, -19.999998092651367, 68.62355926982133, 0.010839864778363371, -0.16443533100818372, 0.9863283019602631
20.0, -19.999998092651367, 68.46418149590335, 0.001619557553098694, -0.1573270982793464, 0.9875452198154437
20.0, -19.999998092651367, 69.23209128164281, 0.0013350707514221162, -0.15792371561290813, 0.9874504127464336
20.0, -19.625811336237412, 69.54507824126152, 0.0012197217003015657, -0.15816560182345357, 0.9874118465355773
20.0, 20.0, 69.3636477157544, -0.011041515353115835, 0.1309920972373553, 0.9913219231914859
-20.0, 20.0, 69.23209027277207, -0.001335067298297021, 0.157923708959244, 0.987450413815228
-20.0, 19.62581269783888, 69.54507762330974, -0.0012197181002020947, 0.158165595609812, 0.987411847535338
-20.0, -19.999998092651367, 69.36364906121834, 0.0110415178581909, -0.13099201310750777, 0.9913219342803979
20.0, -19.999998092651367, 69.23209128164281, 0.0013350707514221162, -0.15792371561290813, 0.9874504127464336
